tempo	vel	tempo	pos	tempo	in	tempo	esf
4665	-0,0634766	4665	0,27832	4665	0	4665	-0,159215
4666	-0,0585938	4666	0,288086	4666	0	4666	-0,197672
4667	-0,0634766	4667	0,263672	4667	0	4667	-0,104039
4668	-0,0634766	4668	0,283203	4668	0	4668	-0,186698
4669	-0,0585938	4669	0,283203	4669	0	4669	-0,184748
4670	-0,0683594	4670	0,288086	4670	0	4670	-0,201199
4671	-0,0634766	4671	0,283203	4671	0	4671	-0,179179
4672	-0,0634766	4672	0,288086	4672	0	4672	-0,196606
4673	-0,0683594	4673	0,283203	4673	0	4673	-0,175392
4674	-0,0683594	4674	0,283203	4674	0	4674	-0,175426
4675	-0,0585938	4675	0,283203	4675	0	4675	-0,175454
4676	-0,0634766	4676	0,283203	4676	0	4676	-0,175477
4677	-0,0634766	4677	0,283203	4677	0	4677	-0,175496
4678	-0,0634766	4678	0,297852	4678	0	4678	-0,229685
4679	-0,0634766	4679	0,283203	4679	0	4679	-0,167614
4680	-0,0634766	4680	0,288086	4680	0	4680	-0,187071
4681	-0,0634766	4681	0,283203	4681	0	4681	-0,167529
4682	-0,0585938	4682	0,283203	4682	0	4682	-0,168942
4683	-0,0683594	4683	0,283203	4683	0	4683	-0,170108
4684	-0,0634766	4684	0,283203	4684	0	4684	-0,171069
4685	-0,0634766	4685	0,283203	4685	0	4685	-0,171861
4686	-0,0683594	4686	0,288086	4686	0	4686	-0,190573
4687	-0,0634766	4687	0,283203	4687	0	4687	-0,170417
4688	-0,0634766	4688	0,27832	4688	0	4688	-0,153266
4689	-0,0585938	4689	0,288086	4689	0	4689	-0,192766
4690	-0,0683594	4690	0,288086	4690	0	4690	-0,190283
4691	-0,0683594	4691	0,283203	4691	0	4691	-0,170178
4692	-0,0634766	4692	0,283203	4692	0	4692	-0,171127
4693	-0,0634766	4693	0,27832	4693	0	4693	-0,153851
4694	-0,0585938	4694	0,288086	4694	0	4694	-0,193249
4695	-0,0634766	4695	0,283203	4695	0	4695	-0,172623
4696	-0,0634766	4696	0,283203	4696	0	4696	-0,173143
4697	-0,0634766	4697	0,288086	4697	0	4697	-0,19163
4698	-0,0634766	4698	0,288086	4698	0	4698	-0,189346
4699	-0,0585938	4699	0,288086	4699	0	4699	-0,187463
4700	-0,0634766	4700	0,283203	4700	0	4700	-0,167853
4701	-0,0732422	4701	0,288086	4701	0	4701	-0,187267
4702	-0,0634766	4702	0,288086	4702	0	4702	-0,185749
4703	-0,0634766	4703	0,283203	4703	0	4703	-0,166439
4704	-0,0634766	4704	0,288086	4704	0	4704	-0,186102
4705	-0,0683594	4705	0,288086	4705	0	4705	-0,184788
4706	-0,0634766	4706	0,283203	4706	0	4706	-0,165647
4707	-0,0585938	4707	0,27832	4707	0	4707	-0,149333
4708	-0,0634766	4708	0,283203	4708	0	4708	-0,171465
4709	-0,0683594	4709	0,283203	4709	0	4709	-0,172188
4710	-0,0634766	4710	0,283203	4710	0	4710	-0,172784
4711	-0,0634766	4711	0,283203	4711	0	4711	-0,173276
4712	-0,0634766	4712	0,283203	4712	0	4712	-0,173681
4713	-0,0683594	4713	0,283203	4713	0	4713	-0,174015
4714	-0,0634766	4714	0,283203	4714	0	4714	-0,174291
4715	-0,0683594	4715	0,283203	4715	0	4715	-0,174518
4716	-0,0585938	4716	0,288086	4716	0	4716	-0,192763
4717	-0,0585938	4717	0,283203	4717	0	4717	-0,172223
4718	-0,0634766	4718	0,288086	4718	0	4718	-0,190871
4719	-0,0634766	4719	0,283203	4719	0	4719	-0,170663
4720	-0,0634766	4720	0,283203	4720	0	4720	-0,171526
4721	-0,0634766	4721	0,283203	4721	0	4721	-0,172239
4722	-0,0634766	4722	0,288086	4722	0	4722	-0,190884
4723	-0,0683594	4723	0,283203	4723	0	4723	-0,170673
4724	-0,0634766	4724	0,288086	4724	0	4724	-0,189593
4725	-0,0585938	4725	0,283203	4725	0	4725	-0,169609
4726	-0,0683594	4726	0,288086	4726	0	4726	-0,188715
4727	-0,0634766	4727	0,288086	4727	0	4727	-0,186943
4728	-0,0634766	4728	0,288086	4728	0	4728	-0,185482
4729	-0,0634766	4729	0,283203	4729	0	4729	-0,166219
4730	-0,0585938	4730	0,283203	4730	0	4730	-0,167862
4731	-0,0634766	4731	0,283203	4731	0	4731	-0,169217
4732	-0,0634766	4732	0,283203	4732	0	4732	-0,170335
4733	-0,0634766	4733	0,283203	4733	0	4733	-0,171256
4734	-0,0634766	4734	0,283203	4734	0	4734	-0,172016
4735	-0,0683594	4735	0,27832	4735	0	4735	-0,154584
4736	-0,0634766	4736	0,283203	4736	0	4736	-0,175795
4737	-0,0585938	4737	0,283203	4737	0	4737	-0,175759
4738	-0,0683594	4738	0,288086	4738	0	4738	-0,193786
4739	-0,0634766	4739	0,283203	4739	0	4739	-0,173066
4740	-0,0585938	4740	0,283203	4740	0	4740	-0,173508
4741	-0,0634766	4741	0,283203	4741	0	4741	-0,173873
4742	-0,0634766	4742	0,283203	4742	0	4742	-0,174173
4743	-0,0634766	4743	0,288086	4743	0	4743	-0,192479
4744	-0,0585938	4744	0,288086	4744	0	4744	-0,190047
4745	-0,0634766	4745	0,283203	4745	0	4745	-0,169983
4746	-0,0634766	4746	0,283203	4746	0	4746	-0,170966
4747	-0,0683594	4747	0,288086	4747	0	4747	-0,189834
4748	-0,0585938	4748	0,283203	4748	0	4748	-0,169808
4749	-0,0585938	4749	0,283203	4749	0	4749	-0,170822
4750	-0,0634766	4750	0,288086	4750	0	4750	-0,189715
4751	-0,0634766	4751	0,283203	4751	0	4751	-0,16971
4752	-0,0634766	4752	0,283203	4752	0	4752	-0,170741
4753	-0,0634766	4753	0,283203	4753	0	4753	-0,171591
4754	-0,0634766	4754	0,283203	4754	0	4754	-0,172292
4755	-0,0634766	4755	0,27832	4755	0	4755	-0,154812
4756	-0,0683594	4756	0,283203	4756	0	4756	-0,175983
4757	-0,0634766	4757	0,297852	4757	0	4757	-0,230087
4758	-0,0634766	4758	0,283203	4758	0	4758	-0,167945
4759	-0,0634766	4759	0,283203	4759	0	4759	-0,169286
4760	-0,0585938	4760	0,283203	4760	0	4760	-0,170391
4761	-0,0683594	4761	0,283203	4761	0	4761	-0,171302
4762	-0,0634766	4762	0,283203	4762	0	4762	-0,172054
4763	-0,0634766	4763	0,283203	4763	0	4763	-0,172674
4764	-0,0634766	4764	0,288086	4764	0	4764	-0,191242
4765	-0,0634766	4765	0,283203	4765	0	4765	-0,170969
4766	-0,0634766	4766	0,283203	4766	0	4766	-0,171779
4767	-0,0634766	4767	0,288086	4767	0	4767	-0,190505
4768	-0,0634766	4768	0,283203	4768	0	4768	-0,170361
4769	-0,0634766	4769	0,283203	4769	0	4769	-0,171277
4770	-0,0634766	4770	0,283203	4770	0	4770	-0,172033
4771	-0,0634766	4771	0,283203	4771	0	4771	-0,172657
4772	-0,0585938	4772	0,283203	4772	0	4772	-0,17317
4773	-0,0634766	4773	0,288086	4773	0	4773	-0,191652
4774	-0,0634766	4774	0,283203	4774	0	4774	-0,171307
4775	-0,0634766	4775	0,283203	4775	0	4775	-0,172057
4776	-0,0634766	4776	0,283203	4776	0	4776	-0,172676
4777	-0,0634766	4777	0,283203	4777	0	4777	-0,173187
4778	-0,0634766	4778	0,283203	4778	0	4778	-0,173608
4779	-0,0585938	4779	0,288086	4779	0	4779	-0,192013
4780	-0,0634766	4780	0,283203	4780	0	4780	-0,171604
4781	-0,0634766	4781	0,288086	4781	0	4781	-0,19036
4782	-0,0634766	4782	0,288086	4782	0	4782	-0,1883
4783	-0,0585938	4783	0,283203	4783	0	4783	-0,168542
4784	-0,0585938	4784	0,283203	4784	0	4784	-0,169778
4785	-0,0634766	4785	0,288086	4785	0	4785	-0,188855
4786	-0,0634766	4786	0,283203	4786	0	4786	-0,169
4787	-0,0585938	4787	0,27832	4787	0	4787	-0,152098
4788	-0,0634766	4788	0,283203	4788	0	4788	-0,173745
4789	-0,0634766	4789	0,288086	4789	0	4789	-0,192126
4790	-0,0634766	4790	0,283203	4790	0	4790	-0,171698
4791	-0,0634766	4791	0,283203	4791	0	4791	-0,17238
4792	-0,0634766	4792	0,283203	4792	0	4792	-0,172942
4793	-0,0634766	4793	0,283203	4793	0	4793	-0,173406
4794	-0,0634766	4794	0,283203	4794	0	4794	-0,173788
4795	-0,0634766	4795	0,283203	4795	0	4795	-0,174104
4796	-0,0585938	4796	0,283203	4796	0	4796	-0,174364
4797	-0,0634766	4797	0,288086	4797	0	4797	-0,192636
4798	-0,0634766	4798	0,283203	4798	0	4798	-0,172118
4799	-0,0634766	4799	0,288086	4799	0	4799	-0,190784
4800	-0,0585938	4800	0,288086	4800	0	4800	-0,188649
4801	-0,0634766	4801	0,288086	4801	0	4801	-0,186888
4802	-0,0634766	4802	0,283203	4802	0	4802	-0,167379
4803	-0,0585938	4803	0,283203	4803	0	4803	-0,168819
4804	-0,0634766	4804	0,283203	4804	0	4804	-0,170006
4805	-0,0634766	4805	0,288086	4805	0	4805	-0,189043
4806	-0,0634766	4806	0,288086	4806	0	4806	-0,187213
4807	-0,0634766	4807	0,288086	4807	0	4807	-0,185704
4808	-0,0585938	4808	0,283203	4808	0	4808	-0,166402
4809	-0,0634766	4809	0,283203	4809	0	4809	-0,168014
4810	-0,0634766	4810	0,288086	4810	0	4810	-0,1874
4811	-0,0634766	4811	0,283203	4811	0	4811	-0,167801
4812	-0,0634766	4812	0,283203	4812	0	4812	-0,169166
4813	-0,0634766	4813	0,283203	4813	0	4813	-0,170293
4814	-0,0634766	4814	0,283203	4814	0	4814	-0,171221
4815	-0,0634766	4815	0,288086	4815	0	4815	-0,190045
4816	-0,0634766	4816	0,283203	4816	0	4816	-0,169981
4817	-0,0634766	4817	0,288086	4817	4	4817	10
4818	-0,0634766	4818	0,27832	4818	4	4818	10
4819	-0,0585938	4819	0,302734	4819	4	4819	10
4820	-0,0634766	4820	0,356445	4820	4	4820	8,94921
4821	0,566406	4821	0,424805	4821	4	4821	7,52268
4822	0,766602	4822	0,527344	4822	4	4822	6,21258
4823	0,927734	4823	0,65918	4823	4	4823	5,01282
4824	1,04004	4824	0,791016	4824	4	4824	4,0092
4825	1,10352	4825	0,9375	4825	4	4825	3,11315
4826	1,15723	4826	1,08887	4826	4	4826	2,3403
4827	1,20605	4827	1,25488	4827	4	4827	1,63241
4828	1,21582	4828	1,41602	4828	4	4828	1,0487
4829	1,22559	4829	1,57227	4829	4	4829	0,567933
4830	1,21094	4830	1,7334	4830	4	4830	0,136456
4831	1,19629	4831	1,88477	4831	4	4831	-0,200734
4832	1,16699	4832	2,03613	4832	4	4832	-0,495233
4833	1,12793	4833	2,19238	4833	4	4833	-0,772587
4834	1,08398	4834	2,33887	4834	4	4834	-0,982163
4835	1,04492	4835	2,48047	4835	4	4835	-1,15285
4836	0,996094	4836	2,6123	4836	4	4836	-1,27287
4837	0,97168	4837	2,74414	4837	4	4837	-1,38618
4838	0,893555	4838	2,85645	4838	4	4838	-1,42172
4839	0,849609	4839	2,97363	4839	4	4839	-1,4813
4840	0,805664	4840	3,08106	4840	4	4840	-1,50705
4841	0,751953	4841	3,17871	4841	4	4841	-1,50386
4842	0,688477	4842	3,36914	4842	4	4842	-1,85495
4843	0,634766	4843	3,35938	4843	4	4843	-1,42478
4844	0,561523	4844	3,4375	4844	4	4844	-1,39406
4845	0,532227	4845	3,50586	4845	4	4845	-1,34112
4846	0,473633	4846	3,58398	4846	4	4846	-1,34101
4847	0,454102	4847	3,64258	4847	4	4847	-1,27719
4848	0,415039	4848	3,70606	4848	4	4848	-1,24899
4849	0,385742	4849	3,75488	4849	4	4849	-1,17848
4850	0,366211	4850	3,79883	4850	4	4850	-1,10759
4851	0,327148	4851	3,84766	4851	4	4851	-1,07197
4852	0,288086	4852	3,88184	4852	4	4852	-0,993739
4853	0,258789	4853	3,91602	4853	4	4853	-0,932951
4854	0,219727	4854	3,96484	4854	4	4854	-0,940719
4855	0,219727	4855	3,98926	4855	4	4855	-0,862145
4856	0,166016	4856	4,01367	4856	4	4856	-0,800013
4857	0,166016	4857	4,02344	4857	4	4857	-0,697262
4858	0,112305	4858	4,06738	4858	4	4858	-0,740006
4859	0,112305	4859	4,06738	4859	4	4859	-0,617509
4860	0,112305	4860	4,08691	4860	4	4860	-0,588735
4861	0,0683594	4861	4,11621	4861	4	4861	-0,603249
4862	0,0683594	4862	4,11133	4862	4	4862	-0,491999
4863	0,0634766	4863	4,13086	4863	4	4863	-0,490024
4864	0,0634766	4864	4,13574	4864	4	4864	-0,436347
4865	0,0683594	4865	4,13574	4865	4	4865	-0,37456
4866	0,0683594	4866	4,15039	4866	4	4866	-0,377786
4867	0,0732422	4867	4,15039	4867	4	4867	-0,327866
4868	0,0634766	4868	4,14551	4868	4	4868	-0,268646
4869	0,0683594	4869	4,14551	4869	4	4869	-0,237342
4870	0,0634766	4870	4,13574	4870	4	4870	-0,175415
4871	0,0683594	4871	4,13574	4871	4	4871	-0,159405
4872	0,0634766	4872	4,13574	4872	4	4872	-0,146204
4873	-0,0976563	4873	4,12109	4873	4	4873	-0,081146
4874	-0,0976563	4874	4,12109	4874	4	4874	-0,0800815
4875	-0,102539	4875	4,11621	4875	4	4875	-0,061146
4876	-0,0976563	4876	4,11621	4876	4	4876	-0,0630591
4877	-0,102539	4877	4,11133	4877	4	4877	-0,0465788
4878	-0,102539	4878	4,11133	4878	4	4878	-0,0505165
4879	-0,0976563	4879	4,11133	4879	4	4879	-0,0537634
4880	-0,0976563	4880	4,11621	4880	4	4880	-0,0744985
4881	-0,0976563	4881	4,11133	4881	4	4881	-0,0560113
4882	-0,0976563	4882	4,11621	4882	4	4882	-0,076352
4883	-0,0976563	4883	4,11133	4883	4	4883	-0,0575396
4884	-0,102539	4884	4,11133	4884	4	4884	-0,0595543
4885	-0,102539	4885	4,11133	4885	4	4885	-0,0612156
4886	-0,0976563	4886	4,10645	4886	4	4886	-0,0445276
4887	-0,102539	4887	4,11133	4887	4	4887	-0,0663519
4888	-0,102539	4888	4,11133	4888	4	4888	-0,0668206
4889	-0,0927734	4889	4,11133	4889	4	4889	-0,0672071
4890	-0,107422	4890	4,11133	4890	4	4890	-0,0675258
4891	-0,102539	4891	4,11133	4891	4	4891	-0,0677886
4892	-0,102539	4892	4,11621	4892	4	4892	-0,0860631
4893	-0,102539	4893	4,11133	4893	4	4893	-0,065547
4894	-0,102539	4894	4,11133	4894	4	4894	-0,066157
4895	-0,0976563	4895	4,11621	4895	4	4895	-0,0847178
4896	-0,102539	4896	4,11621	4896	4	4896	-0,0824955
4897	-0,102539	4897	4,11133	4897	4	4897	-0,0626053
4898	-0,102539	4898	4,11133	4898	4	4898	-0,0637313
4899	-0,102539	4899	4,11133	4899	4	4899	-0,0646598
4900	-0,102539	4900	4,11133	4900	4	4900	-0,0654254
4901	-0,0976563	4901	4,11133	4901	4	4901	-0,0660567
4902	-0,102539	4902	4,11133	4902	4	4902	-0,0665772
4903	-0,102539	4903	4,11621	4903	4	4903	-0,0850643
4904	-0,102539	4904	4,11133	4904	4	4904	-0,0647234
4905	-0,107422	4905	4,06738	4905	4	4905	0,0970427
4906	-0,102539	4906	4,11133	4906	4	4906	-0,0898323
4907	-0,102539	4907	4,11133	4907	4	4907	-0,0861817
4908	-0,0976563	4908	4,11133	4908	4	4908	-0,0831715
4909	-0,102539	4909	4,11133	4909	4	4909	-0,0806894
4910	-0,102539	4910	4,11133	4910	4	4910	-0,0786428
4911	-0,0976563	4911	4,11133	4911	4	4911	-0,0769552
4912	-0,102539	4912	4,11621	4912	4	4912	-0,0936216
4913	-0,0976563	4913	4,12109	4913	4	4913	-0,107895
4914	-0,0976563	4914	4,11621	4914	4	4914	-0,08408
4915	-0,102539	4915	4,11133	4915	4	4915	-0,0639118
4916	-0,102539	4916	4,11621	4916	4	4916	-0,0828664
4917	-0,102539	4917	4,11133	4917	4	4917	-0,0629112
4918	-0,0976563	4918	4,11133	4918	4	4918	-0,0639835
4919	-0,107422	4919	4,12109	4919	4	4919	-0,100983
4920	-0,102539	4920	4,11621	4920	4	4920	-0,0783809
4921	-0,102539	4921	4,11133	4921	4	4921	-0,0592125
4922	-0,102539	4922	4,11133	4922	4	4922	-0,0609338
4923	-0,131836	4923	4,11621	4923	4	4923	-0,0804109
4924	-0,102539	4924	4,11621	4924	4	4924	-0,0789443
4925	-0,0976563	4925	4,10645	4925	4	4925	-0,0416192
4926	-0,102539	4926	4,11133	4926	4	4926	-0,0639538
4927	-0,102539	4927	4,11621	4927	4	4927	-0,0829011
4928	-0,102539	4928	4,11621	4928	4	4928	-0,0809976
4929	-0,0976563	4929	4,11621	4929	4	4929	-0,079428
4930	-0,102539	4930	4,11133	4930	4	4930	-0,060076
4931	-0,0976563	4931	4,11621	4931	4	4931	-0,0797036
4932	-0,0976563	4932	4,11621	4932	4	4932	-0,078361
4933	-0,102539	4933	4,11133	4933	4	4933	-0,0591962
4934	-0,102539	4934	4,11621	4934	4	4934	-0,0789781
4935	-0,102539	4935	4,12109	4935	4	4935	-0,0958207
4936	-0,102539	4936	4,11133	4936	4	4936	-0,056066
4937	-0,102539	4937	4,11133	4937	4	4937	-0,0583393
4938	-0,102539	4938	4,11621	4938	4	4938	-0,0782716
4939	-0,0976563	4939	4,11133	4939	4	4939	-0,0591224
4940	-0,102539	4940	4,11621	4940	4	4940	-0,0789173
4941	-0,0976563	4941	4,11133	4941	4	4941	-0,0596549
4942	-0,0976563	4942	4,11133	4942	4	4942	-0,0612985
4943	-0,0976563	4943	4,11133	4943	4	4943	-0,0626538
4944	-0,0976563	4944	4,11621	4944	4	4944	-0,0818292
4945	-0,102539	4945	4,11133	4945	4	4945	-0,0620559
4946	-0,0976563	4946	4,10645	4946	4	4946	-0,0452205
4947	-0,102539	4947	4,11133	4947	4	4947	-0,0669232
4948	-0,102539	4948	4,11133	4948	4	4948	-0,0672917
4949	-0,0976563	4949	4,11133	4949	4	4949	-0,0675956
4950	-0,0927734	4950	4,11621	4950	4	4950	-0,085904
4951	-0,0976563	4951	4,11133	4951	4	4951	-0,0654158
4952	-0,102539	4952	4,11133	4952	4	4952	-0,0660487
4953	-0,0976563	4953	4,11133	4953	4	4953	-0,0665707
4954	-0,102539	4954	4,11621	4954	4	4954	-0,0850589
4955	-0,0976563	4955	4,11133	4955	4	4955	-0,064719
4956	-0,0976563	4956	4,11133	4956	4	4956	-0,0654742
4957	-0,102539	4957	4,11133	4957	4	4957	-0,0660969
4958	-0,102539	4958	4,11133	4958	4	4958	-0,0666104
4959	-0,0976563	4959	4,11133	4959	4	4959	-0,0670338
4960	-0,102539	4960	4,10645	4960	4	4960	-0,049325
4961	-0,0976563	4961	4,11133	4961	4	4961	-0,0703077
4962	-0,0976563	4962	4,11133	4962	4	4962	-0,0700824
4963	-0,102539	4963	4,11133	4963	4	4963	-0,0698967
4964	-0,102539	4964	4,11621	4964	4	4964	-0,0878014
4965	-0,0976563	4965	4,11133	4965	4	4965	-0,0669803
4966	-0,0976563	4966	4,11621	4966	4	4966	-0,0853966
4967	-0,0976563	4967	4,11133	4967	4	4967	-0,0649975
4968	-0,0976563	4968	4,11133	4968	4	4968	-0,0657038
4969	-0,0976563	4969	4,10645	4969	4	4969	-0,0482284
4970	-0,0976563	4970	4,11621	4970	4	4970	-0,0874613
4971	-0,0976563	4971	4,11133	4971	4	4971	-0,0666999
4972	-0,102539	4972	4,11133	4972	4	4972	-0,0671076
4973	-0,102539	4973	4,11133	4973	4	4973	-0,0674437
4974	-0,0976563	4974	4,11133	4974	4	4974	-0,0677209
4975	-0,102539	4975	4,11133	4975	4	4975	-0,0679495
4976	-0,102539	4976	4,11133	4976	4	4976	-0,0681379
4977	-0,102539	4977	4,11133	4977	4	4977	-0,0682933
4978	-0,102539	4978	4,11621	4978	4	4978	-0,0864793
4979	-0,102539	4979	4,11621	4979	4	4979	-0,083948
4980	-0,0976563	4980	4,11133	4980	4	4980	-0,063803
4981	-0,107422	4981	4,11133	4981	4	4981	-0,0647189
4982	-0,102539	4982	4,11621	4982	4	4982	-0,083532
4983	-0,102539	4983	4,11133	4983	4	4983	-0,0634599
4984	-0,102539	4984	4,11621	4984	4	4984	-0,0824939
4985	-0,102539	4985	4,11621	4985	4	4985	-0,0806618
4986	-0,107422	4986	4,11133	4986	4	4986	-0,0610933
4987	-0,0976563	4987	4,11621	4987	4	4987	-0,0805424
4988	-0,102539	4988	4,11133	4988	4	4988	-0,0609949
4989	-0,102539	4989	4,11133	4989	4	4989	-0,0624034
4990	-0,102539	4990	4,11133	4990	4	4990	-0,0635649
4991	-0,0976563	4991	4,11133	4991	4	4991	-0,0645226
4992	-0,102539	4992	4,11133	4992	4	4992	-0,0653122
4993	-0,0878906	4993	4,11621	4993	4	4993	-0,0840212
4994	-0,102539	4994	4,11133	4994	4	4994	-0,0638633
4995	-0,0976563	4995	4,11133	4995	4	4995	-0,0647687
4996	-0,102539	4996	4,11133	4996	4	4996	-0,0655152
4997	-0,102539	4997	4,11621	4997	4	4997	-0,0841885
4998	-0,107422	4998	4,11133	4998	4	4998	-0,0640013
4999	-0,0976563	4999	4,11133	4999	4	4999	-0,0648824
5000	-0,0976563	5000	4,11133	5000	4	5000	-0,065609
5001	-0,102539	5001	4,11133	5001	4	5001	-0,066208
5002	-0,102539	5002	4,11133	5002	4	5002	-0,066702
5003	-0,102539	5003	4,11133	5003	4	5003	-0,0671093
5004	-0,0976563	5004	4,11133	5004	4	5004	-0,0674452
5005	-0,0976563	5005	4,11621	5005	4	5005	-0,08578
5006	-0,102539	5006	4,11621	5006	4	5006	-0,0833714
5007	-0,102539	5007	4,11621	5007	4	5007	-0,0813854
5008	-0,0976563	5008	4,11621	5008	4	5008	-0,0797478
5009	-0,107422	5009	4,11133	5009	4	5009	-0,0603396
5010	-0,102539	5010	4,11133	5010	4	5010	-0,0618631
5011	-0,102539	5011	4,11133	5011	4	5011	-0,0631194
5012	-0,102539	5012	4,0918	5012	4	5012	0,00807615
5013	-0,102539	5013	4,11621	5013	4	5013	-0,0936149
5014	-0,102539	5014	4,11621	5014	4	5014	-0,0898318
5015	-0,102539	5015	4,11133	5015	4	5015	-0,0686545
5016	-0,102539	5016	4,11133	5016	4	5016	-0,0687193
5017	-0,107422	5017	4,11133	5017	4	5017	-0,0687727
5018	-0,0976563	5018	4,11621	5018	4	5018	-0,0868746
5019	-0,102539	5019	4,11621	5019	4	5019	-0,0842739
5020	-0,102539	5020	4,09668	5020	4	5020	-0,00989821
5021	-0,078125	5021	4,11621	5021	4	5021	-0,0909091
5022	-0,0732422	5022	4,11133	5022	4	5022	-0,0695429
5023	-0,078125	5023	4,11133	5023	4	5023	-0,0694518
5024	-0,078125	5024	4,11621	5024	4	5024	-0,0874345
5025	-0,0732422	5025	4,11621	5025	4	5025	-0,0847357
5026	-0,0732422	5026	4,11621	5026	4	5026	-0,0825103
5027	-0,0732422	5027	4,11621	5027	4	5027	-0,0806753
5028	-0,0732422	5028	4,11133	5028	4	5028	-0,0611045
5029	-0,0683594	5029	4,10645	5029	4	5029	-0,044436
5030	-0,0732422	5030	4,11133	5030	4	5030	-0,0662763
5031	-0,0732422	5031	4,11621	5031	4	5031	-0,0848162
5032	-0,0732422	5032	4,11621	5032	4	5032	-0,0825767
5033	-0,0732422	5033	4,12109	5033	4	5033	-0,0987879
5034	-0,0732422	5034	4,11133	5034	4	5034	-0,0585127
5035	-0,0732422	5035	4,11133	5035	4	5035	-0,0603567
5036	-0,0732422	5036	4,11621	5036	4	5036	-0,0799351
5037	-0,0732422	5037	4,11621	5037	4	5037	-0,0785519
5038	-0,0732422	5038	4,11133	5038	4	5038	-0,0593536
5039	-0,078125	5039	4,11133	5039	4	5039	-0,0610501
5040	-0,0732422	5040	4,11133	5040	4	5040	-0,062449
5041	-0,0683594	5041	4,11621	5041	4	5041	-0,0816603
5042	-0,0732422	5042	4,11133	5042	4	5042	-0,0619166
5043	-0,078125	5043	4,11133	5043	4	5043	-0,0631635
5044	-0,078125	5044	4,11133	5044	4	5044	-0,0641916
5045	-0,0732422	5045	4,11133	5045	4	5045	-0,0650393
5046	-0,0732422	5046	4,11133	5046	4	5046	-0,0657383
5047	-0,0732422	5047	4,11133	5047	4	5047	-0,0663147
5048	-0,078125	5048	4,11133	5048	4	5048	-0,06679
5049	-0,0732422	5049	4,11133	5049	4	5049	-0,0671819
5050	-0,0732422	5050	4,11133	5050	4	5050	-0,067505
5051	-0,0732422	5051	4,11621	5051	4	5051	-0,0858293
5052	-0,0830078	5052	4,11133	5052	4	5052	-0,0653542
5053	-0,0732422	5053	4,11133	5053	4	5053	-0,065998
5054	-0,0732422	5054	4,11133	5054	4	5054	-0,0665288
5055	-0,0683594	5055	4,11133	5055	4	5055	-0,0669665
5056	-0,0732422	5056	4,11133	5056	4	5056	-0,0673274
5057	-0,0732422	5057	4,11621	5057	4	5057	-0,0856828
5058	-0,0732422	5058	4,10645	5058	4	5058	-0,0471756
5059	-0,0732422	5059	4,11621	5059	4	5059	-0,0865932
5060	-0,0732422	5060	4,11621	5060	4	5060	-0,0840419
5061	-0,0732422	5061	4,11133	5061	4	5061	-0,0638804
5062	-0,0732422	5062	4,11621	5062	4	5062	-0,0828406
5063	-0,0732422	5063	4,11133	5063	4	5063	-0,0628899
5064	-0,0732422	5064	4,11133	5064	4	5064	-0,063966
5065	-0,078125	5065	4,11133	5065	4	5065	-0,0648533
5066	-0,0732422	5066	4,11133	5066	4	5066	-0,0655849
5067	-0,0683594	5067	4,11133	5067	4	5067	-0,0661882
5068	-0,0732422	5068	4,11621	5068	4	5068	-0,0847435
5069	-0,0732422	5069	4,11133	5069	4	5069	-0,0644589
5070	-0,0732422	5070	4,11621	5070	4	5070	-0,0833176
5071	-0,0683594	5071	4,11621	5071	4	5071	-0,081341
5072	-0,0732422	5072	4,10645	5072	4	5072	-0,0435955
5073	-0,0732422	5073	4,11133	5073	4	5073	-0,0655833
5074	-0,0732422	5074	4,11133	5074	4	5074	-0,0661869
5075	-0,0732422	5075	4,11133	5075	4	5075	-0,0666846
5076	-0,0732422	5076	4,11621	5076	4	5076	-0,0851528
5077	-0,0683594	5077	4,11133	5077	4	5077	-0,0647964
5078	-0,0683594	5078	4,11621	5078	4	5078	-0,0835959
5079	-0,078125	5079	4,11621	5079	4	5079	-0,0815705
5080	-0,0732422	5080	4,11133	5080	4	5080	-0,0618425
5081	-0,0732422	5081	4,11133	5081	4	5081	-0,0631024
5082	-0,0732422	5082	4,11621	5082	4	5082	-0,0821991
5083	-0,0732422	5083	4,11133	5083	4	5083	-0,0623609
5084	-0,0683594	5084	4,11133	5084	4	5084	-0,0635298
5085	-0,0732422	5085	4,11133	5085	4	5085	-0,0644936
5086	-0,0732422	5086	4,11133	5086	4	5086	-0,0652884
5087	-0,0732422	5087	4,11621	5087	4	5087	-0,0840015
5088	-0,0732422	5088	4,11621	5088	4	5088	-0,081905
5089	-0,0732422	5089	4,11133	5089	4	5089	-0,0621184
5090	-0,0732422	5090	4,11133	5090	4	5090	-0,0633298
5091	-0,078125	5091	4,11621	5091	4	5091	-0,0823866
5092	-0,0732422	5092	4,11133	5092	4	5092	-0,0625155
5093	-0,0732422	5093	4,11133	5093	4	5093	-0,0636573
5094	-0,0732422	5094	4,11133	5094	4	5094	-0,0645988
5095	-0,078125	5095	4,11621	5095	4	5095	-0,0834329
5096	-0,0732422	5096	4,11133	5096	4	5096	-0,0633782
5097	-0,0732422	5097	4,11133	5097	4	5097	-0,0643687
5098	-0,0732422	5098	4,11133	5098	4	5098	-0,0651853
5099	-0,0732422	5099	4,11133	5099	4	5099	-0,0658587
5100	-0,0732422	5100	4,11133	5100	4	5100	-0,066414
5101	-0,0732422	5101	4,11621	5101	4	5101	-0,0849297
5102	-0,0683594	5102	4,11133	5102	4	5102	-0,0646124
5103	-0,0683594	5103	4,11133	5103	4	5103	-0,0653863
5104	-0,0732422	5104	4,11621	5104	4	5104	-0,0840823
5105	-0,078125	5105	4,11621	5105	4	5105	-0,0819716
5106	-0,0732422	5106	4,11133	5106	4	5106	-0,0621733
5107	-0,0732422	5107	4,11133	5107	4	5107	-0,0633751
5108	-0,0732422	5108	4,11621	5108	4	5108	-0,0824239
5109	-0,0683594	5109	4,11621	5109	4	5109	-0,0806041
5110	-0,0732422	5110	4,11133	5110	4	5110	-0,0610457
5111	-0,0732422	5111	4,11133	5111	4	5111	-0,0624454
5112	-0,0732422	5112	4,11133	5112	4	5112	-0,0635995
5113	-0,0732422	5113	4,11621	5113	4	5113	-0,0826089
5114	-0,0683594	5114	4,11133	5114	4	5114	-0,0626988
5115	-0,0683594	5115	4,11133	5115	4	5115	-0,0638085
5116	-0,0732422	5116	4,11133	5116	4	5116	-0,0647234
5117	-0,0732422	5117	4,11133	5117	4	5117	-0,0654778
5118	-0,0732422	5118	4,11621	5118	4	5118	-0,0841578
5119	-0,0732422	5119	4,0625	5119	4	5119	0,116602
5120	-0,0732422	5120	4,11133	5120	4	5120	-0,0912308
5121	-0,0732422	5121	4,11133	5121	4	5121	-0,0873348
5122	-0,0732422	5122	4,11133	5122	4	5122	-0,0841223
5123	-0,0732422	5123	4,11133	5123	4	5123	-0,0814735
5124	-0,0732422	5124	4,10645	5124	4	5124	-0,0612314
5125	-0,0732422	5125	4,11133	5125	4	5125	-0,0801252
5126	-0,0732422	5126	4,11133	5126	4	5126	-0,0781776
5127	-0,0683594	5127	4,11133	5127	4	5127	-0,0765717
5128	-0,0732422	5128	4,11133	5128	4	5128	-0,0752475
5129	-0,0732422	5129	4,11621	5129	4	5129	-0,0922134
5130	-0,0732422	5130	4,12109	5130	4	5130	-0,106734
5131	-0,0732422	5131	4,11133	5131	4	5131	-0,0650647
5132	-0,078125	5132	4,11621	5132	4	5132	-0,0838171
5133	-0,0732422	5133	4,11133	5133	4	5133	-0,063695
5134	-0,0732422	5134	4,11133	5134	4	5134	-0,0646299
5135	-0,0732422	5135	4,11621	5135	4	5135	-0,0834586
5136	-0,0732422	5136	4,11133	5136	4	5136	-0,0633994
5137	-0,0732422	5137	4,11133	5137	4	5137	-0,0643861
5138	-0,0732422	5138	4,11133	5138	4	5138	-0,0651997
5139	-0,0683594	5139	4,11133	5139	4	5139	-0,0658706
5140	-0,0732422	5140	4,11133	5140	4	5140	-0,0664238
5141	-0,0732422	5141	4,11133	5141	4	5141	-0,0668799
5142	-0,0732422	5142	4,11133	5142	4	5142	-0,067256
5143	-0,0732422	5143	4,11133	5143	4	5143	-0,0675661
5144	-0,0732422	5144	4,11133	5144	4	5144	-0,0678218
5145	-0,0683594	5145	4,11621	5145	4	5145	-0,0860905
5146	-0,0683594	5146	4,11621	5146	4	5146	-0,0836275
5147	-0,0732422	5147	4,11133	5147	4	5147	-0,0635387
5148	-0,0732422	5148	4,11621	5148	4	5148	-0,0825588
5149	-0,0732422	5149	4,11133	5149	4	5149	-0,0626575
5150	-0,0732422	5150	4,11133	5150	4	5150	-0,0637744
5151	-0,078125	5151	4,11133	5151	4	5151	-0,0646953
5152	-0,0732422	5152	4,11133	5152	4	5152	-0,0654547
5153	-0,078125	5153	4,11621	5153	4	5153	-0,0841387
5154	-0,0732422	5154	4,11621	5154	4	5154	-0,082018
5155	-0,0732422	5155	4,12109	5155	4	5155	-0,0983273
5156	-0,078125	5156	4,11133	5156	4	5156	-0,0581328
5157	-0,078125	5157	4,11133	5157	4	5157	-0,0600435
5158	-0,0732422	5158	4,11621	5158	4	5158	-0,0796768
5159	-0,0732422	5159	4,11133	5159	4	5159	-0,0602811
5160	-0,0732422	5160	4,11621	5160	4	5160	-0,0798728
5161	-0,078125	5161	4,11133	5161	4	5161	-0,0604427
5162	-0,078125	5162	4,11133	5162	4	5162	-0,0619481
5163	-0,0683594	5163	4,11621	5163	4	5163	-0,0812473
5164	-0,0732422	5164	4,11133	5164	4	5164	-0,0615761
5165	-0,0732422	5165	4,11133	5165	4	5165	-0,0628827
5166	-0,078125	5166	4,11621	5166	4	5166	-0,0820179
5167	-0,0732422	5167	4,11133	5167	4	5167	-0,0622115
5168	-0,0732422	5168	4,11621	5168	4	5168	-0,0814644
5169	-0,0732422	5169	4,10645	5169	4	5169	-0,0436973
5170	-0,0732422	5170	4,11621	5170	4	5170	-0,0837251
5171	-0,0732422	5171	4,11133	5171	4	5171	-0,0636192
5172	-0,0732422	5172	4,11133	5172	4	5172	-0,0645673
5173	-0,0732422	5173	4,11133	5173	4	5173	-0,0653492
5174	-0,0732422	5174	4,11621	5174	4	5174	-0,0840516
5175	-0,0732422	5175	4,11621	5175	4	5175	-0,0819463
5176	-0,0732422	5176	4,11133	5176	4	5176	-0,0621524
5177	-0,0732422	5177	4,11621	5177	4	5177	-0,0814158
5178	-0,0732422	5178	4,11133	5178	4	5178	-0,061715
5179	-0,078125	5179	4,11621	5179	4	5179	-0,0810551
5180	-0,0732422	5180	4,11133	5180	4	5180	-0,0614176
5181	-0,078125	5181	4,11133	5181	4	5181	-0,062752
5182	-0,0732422	5182	4,11621	5182	4	5182	-0,0819101
5183	-0,0732422	5183	4,11133	5183	4	5183	-0,0621226
5184	-0,0732422	5184	4,11621	5184	4	5184	-0,0813912
5185	-0,0732422	5185	4,11621	5185	4	5185	-0,0797526
5186	-0,0683594	5186	4,11133	5186	4	5186	-0,0603436
5187	-0,0732422	5187	4,11621	5187	4	5187	-0,0799242
5188	-0,0732422	5188	4,11133	5188	4	5188	-0,0604851
5189	-0,0732422	5189	4,11133	5189	4	5189	-0,0619831
5190	-0,0732422	5190	4,11133	5190	4	5190	-0,0632183
5191	-0,0732422	5191	4,11133	5191	4	5191	-0,0642368
5192	-0,0732422	5192	4,11133	5192	4	5192	-0,0650766
5193	-0,0683594	5193	4,11133	5193	4	5193	-0,0657691
5194	-0,078125	5194	4,11133	5194	4	5194	-0,0663401
5195	-0,0732422	5195	4,11133	5195	4	5195	-0,0668109
5196	-0,0732422	5196	4,11133	5196	4	5196	-0,0671991
5197	-0,078125	5197	4,11133	5197	4	5197	-0,0675192
5198	-0,0732422	5198	4,11133	5198	4	5198	-0,0677831
5199	-0,0732422	5199	4,11621	5199	4	5199	-0,0860586
5200	-0,0732422	5200	4,11133	5200	4	5200	-0,0655433
5201	-0,0732422	5201	4,11621	5201	4	5201	-0,0842118
5202	-0,0732422	5202	4,11133	5202	4	5202	-0,0640205
5203	-0,0732422	5203	4,11133	5203	4	5203	-0,0648982
5204	-0,0732422	5204	4,11621	5204	4	5204	-0,0836798
5205	-0,0683594	5205	4,11133	5205	4	5205	-0,0635818
5206	-0,0683594	5206	4,11133	5206	4	5206	-0,0645366
5207	-0,0683594	5207	4,11621	5207	4	5207	-0,0833816
5208	-0,0683594	5208	4,11133	5208	4	5208	-0,063336
5209	-0,078125	5209	4,11133	5209	4	5209	-0,0643338
5210	-0,0732422	5210	4,11133	5210	4	5210	-0,0651566
5211	-0,0732422	5211	4,11621	5211	4	5211	-0,0838929
5212	-0,0732422	5212	4,11621	5212	4	5212	-0,0818154
5213	-0,0732422	5213	4,11621	5213	4	5213	-0,0801023
5214	-0,0683594	5214	4,11133	5214	4	5214	-0,060632
5215	-0,078125	5215	4,11133	5215	4	5215	-0,0621042
5216	-0,0732422	5216	4,11621	5216	4	5216	-0,081376
5217	-0,0732422	5217	4,11133	5217	4	5217	-0,0616822
5218	-0,078125	5218	4,11621	5218	4	5218	-0,081028
5219	-0,0732422	5219	4,10645	5219	4	5219	-0,0433374
5220	-0,0732422	5220	4,11621	5220	4	5220	-0,0834284
5221	-0,0732422	5221	4,11621	5221	4	5221	-0,0814323
5222	-0,0683594	5222	4,11621	5222	4	5222	-0,0797865
5223	-0,0732422	5223	4,11133	5223	4	5223	-0,0603716
5224	-0,0732422	5224	4,11133	5224	4	5224	-0,0618895
5225	-0,0683594	5225	4,11133	5225	4	5225	-0,0631411
5226	-0,0732422	5226	4,11621	5226	4	5226	-0,082231
5227	-0,0732422	5227	4,11133	5227	4	5227	-0,0623872
5228	-0,0683594	5228	4,11621	5228	4	5228	-0,0816093
5229	-0,0732422	5229	4,11133	5229	4	5229	-0,0618746
5230	-0,0683594	5230	4,11133	5230	4	5230	-0,0631288
5231	-0,0732422	5231	4,11133	5231	4	5231	-0,064163
5232	-0,078125	5232	4,11133	5232	4	5232	-0,0650158
5233	-0,078125	5233	4,11133	5233	4	5233	-0,0657189
5234	-0,0732422	5234	4,11133	5234	4	5234	-0,0662987
5235	-0,0732422	5235	4,11133	5235	4	5235	-0,0667768
5236	-0,078125	5236	4,11621	5236	4	5236	-0,0852288
5237	-0,0732422	5237	4,11133	5237	4	5237	-0,0648591
5238	-0,0732422	5238	4,11133	5238	4	5238	-0,0655897
5239	-0,0732422	5239	4,11621	5239	4	5239	-0,08425
5240	-0,0732422	5240	4,11621	5240	4	5240	-0,0821098
5241	-0,0732422	5241	4,11133	5241	4	5241	-0,0622873
5242	-0,0732422	5242	4,11133	5242	4	5242	-0,0634691
5243	-0,0732422	5243	4,11621	5243	4	5243	-0,0825014
5244	-0,0683594	5244	4,11133	5244	4	5244	-0,0626102
5245	-0,0732422	5245	4,10645	5245	4	5245	-0,0456775
5246	-0,0683594	5246	4,11621	5246	-4	5246	-10
5247	-0,0732422	5247	4,11133	5247	-4	5247	-10
5248	-0,078125	5248	4,07227	5248	-4	5248	-10
5249	-0,424805	5249	4,0332	5249	-4	5249	-10
5250	-0,610352	5250	3,95996	5250	-4	5250	-10
5251	-0,830078	5251	3,85742	5251	-4	5251	-10
5252	-1,09863	5252	3,73047	5252	-4	5252	-10
5253	-1,29883	5253	3,58398	5253	-4	5253	-9,86719
5254	-1,44043	5254	3,41309	5254	-4	5254	-8,32901
5255	-1,60645	5255	3,22754	5255	-4	5255	-6,98791
5256	-1,75781	5256	3,0127	5256	-4	5256	-5,75357
5257	-1,85059	5257	2,80273	5257	-4	5257	-4,73047
5258	-1,93848	5258	2,39746	5258	-4	5258	-3,14171
5259	-2,00195	5259	2,32422	5259	-4	5259	-3,01553
5260	-1,97754	5260	2,08984	5260	-4	5260	-2,30761
5261	-2,00684	5261	1,85059	5261	-4	5261	-1,68034
5262	-2,00195	5262	1,60156	5262	-4	5262	-1,10097
5263	-1,96777	5263	1,36719	5263	-4	5263	-0,650334
5264	-1,94336	5264	1,13281	5264	-4	5264	-0,253263
5265	-1,90918	5265	0,908203	5265	-4	5265	0,0635239
5266	-1,84082	5266	0,678711	5266	-4	5266	0,367223
5267	-1,80176	5267	0,463867	5267	-4	5267	0,588431
5268	-1,72852	5268	0,249023	5268	-4	5268	0,794199
5269	-1,67969	5269	0,0390625	5269	-4	5269	0,969178
5270	-1,63086	5270	-0,151367	5270	-4	5270	1,06407
5271	-1,55273	5271	-0,34668	5271	-4	5271	1,18108
5272	-1,48438	5272	-0,522461	5272	-4	5272	1,22658
5273	-1,42578	5273	-0,688477	5273	-4	5273	1,24709
5274	-1,37207	5274	-0,864258	5274	-4	5274	1,31819
5275	-1,31348	5275	-1,02051	5275	-4	5275	1,3237
5276	-1,23535	5276	-1,15234	5276	-4	5276	1,25495
5277	-1,19141	5277	-1,29395	5277	-4	5277	1,24871
5278	-1,12305	5278	-1,43066	5278	-4	5278	1,24092
5279	-1,05469	5279	-1,55762	5279	-4	5279	1,21324
5280	-1,00098	5280	-1,68945	5280	-4	5280	1,22229
5281	-0,942383	5281	-1,77734	5281	-4	5281	1,08157
5282	-0,874024	5282	-1,89453	5282	-4	5282	1,08345
5283	-0,844727	5283	-1,99219	5283	-4	5283	1,02551
5284	-0,795899	5284	-2,07031	5284	-4	5284	0,91613
5285	-0,771484	5285	-2,16309	5285	-4	5285	0,888608
5286	-0,727539	5286	-2,23633	5286	-4	5286	0,803775
5287	-0,688477	5287	-2,33887	5287	-4	5287	0,850139
5288	-0,65918	5288	-2,39258	5288	-4	5288	0,718943
5289	-0,605469	5289	-2,46582	5289	-4	5289	0,688838
5290	-0,566406	5290	-2,53906	5290	-4	5290	0,671981
5291	-0,556641	5291	-2,57813	5291	-4	5291	0,539644
5292	-0,522461	5292	-2,6416	5292	-4	5292	0,525061
5293	-0,493164	5293	-2,7002	5293	-4	5293	0,501884
5294	-0,46875	5294	-2,75879	5294	-4	5294	0,489146
5295	-0,463867	5295	-2,80762	5295	-4	5295	0,4489
5296	-0,439453	5296	-2,83691	5296	-4	5296	0,348795
5297	-0,395508	5297	-2,86621	5297	-4	5297	0,269439
5298	-0,385742	5298	-2,91504	5298	-4	5298	0,279423
5299	-0,34668	5299	-2,95898	5299	-4	5299	0,274909
5300	-0,351563	5300	-2,99805	5300	-4	5300	0,257909
5301	-0,341797	5301	-3,02734	5301	-4	5301	0,212024
5302	-0,322266	5302	-3,08106	5302	-4	5302	0,267666
5303	-0,307617	5303	-3,09082	5303	-4	5303	0,156867
5304	-0,292969	5304	-3,11523	5304	-4	5304	0,120742
5305	-0,297852	5305	-3,14453	5305	-4	5305	0,111669
5306	-0,268555	5306	-3,16406	5306	-4	5306	0,0712584
5307	-0,27832	5307	-3,19824	5307	-4	5307	0,0942353
5308	-0,239258	5308	-3,21289	5308	-4	5308	0,0446676
5309	-0,249023	5309	-3,24219	5309	-4	5309	0,0595629
5310	-0,224609	5310	-3,27148	5310	-4	5310	0,0750316
5311	-0,244141	5311	-3,27637	5311	-4	5311	0,00068398
5312	-0,234375	5312	-3,28613	5312	-4	5312	-0,0420312
5313	-0,195313	5313	-3,30078	5313	-4	5313	-0,0581325
5314	-0,200195	5314	-3,31543	5314	-4	5314	-0,0698156
5315	-0,195313	5315	-3,33496	5315	-4	5315	-0,0597979
5316	-0,195313	5316	-3,33984	5316	-4	5316	-0,103587
5317	-0,161133	5317	-3,34961	5317	-4	5317	-0,121104
5318	-0,15625	5318	-3,35938	5318	-4	5318	-0,134487
5319	-0,170898	5319	-3,35938	5319	-4	5319	-0,180574
5320	-0,161133	5320	-3,38379	5320	-4	5320	-0,128287
5321	-0,146484	5321	-3,46191	5321	-4	5321	0,116118
5322	-0,146484	5322	-3,39844	5322	-4	5322	-0,197534
5323	-0,136719	5323	-3,40332	5323	-4	5323	-0,210254
5324	-0,141602	5324	-3,41309	5324	-4	5324	-0,202154
5325	-0,141602	5325	-3,4082	5325	-4	5325	-0,248586
5326	-0,146484	5326	-3,41309	5326	-4	5326	-0,251287
5327	-0,136719	5327	-3,41797	5327	-4	5327	-0,252984
5328	-0,146484	5328	-3,42773	5328	-4	5328	-0,235793
5329	-0,136719	5329	-3,42285	5329	-4	5329	-0,27473
5330	-0,141602	5330	-3,43262	5330	-4	5330	-0,253194
5331	-0,131836	5331	-3,42285	5331	-4	5331	-0,306605
5332	-0,146484	5332	-3,4375	5332	-4	5332	-0,261419
5333	-0,141602	5333	-3,42285	5333	-4	5333	-0,330913
5334	-0,136719	5334	-3,41797	5334	-4	5334	-0,353694
5335	-0,151367	5335	-3,43262	5335	-4	5335	-0,300777
5336	-0,141602	5336	-3,43262	5336	-4	5336	-0,309725
5337	-0,136719	5337	-3,43262	5337	-4	5337	-0,317102
5338	-0,131836	5338	-3,42285	5338	-4	5338	-0,359301
5339	-0,141602	5339	-3,22754	5339	-4	5339	-1,08136
5340	-0,146484	5340	-3,40332	5340	-4	5340	-0,325585
5341	-0,146484	5341	-3,43262	5341	-4	5341	-0,22502
5342	-0,146484	5342	-3,41797	5342	-4	5342	-0,301431
5343	-0,146484	5343	-3,43262	5343	-4	5343	-0,257684
5344	-0,146484	5344	-3,43262	5344	-4	5344	-0,274191
5345	-0,131836	5345	-3,42773	5345	-4	5345	-0,305861
5346	-0,141602	5346	-3,4375	5346	-4	5346	-0,278332
5347	-0,131836	5347	-3,43262	5347	-4	5347	-0,308744
5348	-0,146484	5348	-3,43262	5348	-4	5348	-0,316293
5349	-0,136719	5349	-3,42285	5349	-4	5349	-0,358634
5350	-0,146484	5350	-3,42773	5350	-4	5350	-0,340436
5351	-0,146484	5351	-3,42285	5351	-4	5351	-0,361014
5352	-0,146484	5352	-3,42773	5352	-4	5352	-0,342398
5353	-0,141602	5353	-3,42773	5353	-4	5353	-0,344575
5354	-0,141602	5354	-3,42285	5354	-4	5354	-0,364427
5355	-0,131836	5355	-3,39844	5355	-4	5355	-0,453559
5356	-0,146484	5356	-3,42285	5356	-4	5356	-0,349131
5357	-0,141602	5357	-3,43262	5357	-4	5357	-0,314542
5358	-0,136719	5358	-3,42773	5358	-4	5358	-0,339132
5359	-0,141602	5359	-3,42773	5359	-4	5359	-0,341882
5360	-0,151367	5360	-3,43262	5360	-4	5360	-0,326091
5361	-0,141602	5361	-3,42773	5361	-4	5361	-0,348655
5362	-0,146484	5362	-3,43262	5362	-4	5362	-0,331676
5363	-0,136719	5363	-3,42773	5363	-4	5363	-0,353261
5364	-0,141602	5364	-3,43262	5364	-4	5364	-0,335474
5365	-0,146484	5365	-3,43262	5365	-4	5365	-0,338334
5366	-0,146484	5366	-3,43262	5366	-4	5366	-0,340692
5367	-0,146484	5367	-3,41797	5367	-4	5367	-0,396811
5368	-0,146484	5368	-3,41797	5368	-4	5368	-0,390503
5369	-0,146484	5369	-3,43262	5369	-4	5369	-0,331129
5370	-0,141602	5370	-3,42773	5370	-4	5370	-0,352809
5371	-0,141602	5371	-3,58887	5371	-4	5371	0,242749
5372	-0,151367	5372	-3,43262	5372	-4	5372	-0,422409
5373	-0,146484	5373	-3,42773	5373	-4	5373	-0,428075
5374	-0,141602	5374	-3,43262	5374	-4	5374	-0,397163
5375	-0,141602	5375	-3,4375	5375	-4	5375	-0,371143
5376	-0,146484	5376	-3,42773	5376	-4	5376	-0,40333
5377	-0,146484	5377	-3,42285	5377	-4	5377	-0,412874
5378	-0,146484	5378	-3,42285	5378	-4	5378	-0,403218
5379	-0,146484	5379	-3,43262	5379	-4	5379	-0,35914
5380	-0,131836	5380	-3,43262	5380	-4	5380	-0,357848
5381	-0,146484	5381	-3,43262	5381	-4	5381	-0,356783
5382	-0,126953	5382	-3,42773	5382	-4	5382	-0,373963
5383	-0,136719	5383	-3,41797	5383	-4	5383	-0,406717
5384	-0,141602	5384	-3,41797	5384	-4	5384	-0,398672
5385	-0,141602	5385	-3,43262	5385	-4	5385	-0,337865
5386	-0,146484	5386	-3,42285	5386	-4	5386	-0,376421
5387	-0,146484	5387	-3,43262	5387	-4	5387	-0,337044
5388	-0,151367	5388	-3,42285	5388	-4	5388	-0,375745
5389	-0,136719	5389	-3,42773	5389	-4	5389	-0,354544
5390	-0,136719	5390	-3,43262	5390	-4	5390	-0,336532
5391	-0,131836	5391	-3,42773	5391	-4	5391	-0,357264
5392	-0,141602	5392	-3,42773	5392	-4	5392	-0,356833
5393	-0,141602	5393	-3,42285	5393	-4	5393	-0,374535
5394	-0,146484	5394	-3,4375	5394	-4	5394	-0,317431
5395	-0,146484	5395	-3,42773	5395	-4	5395	-0,359041
5396	-0,146484	5396	-3,43262	5396	-4	5396	-0,34024
5397	-0,146484	5397	-3,42773	5397	-4	5397	-0,360322
5398	-0,146484	5398	-3,43262	5398	-4	5398	-0,341296
5399	-0,146484	5399	-3,43262	5399	-4	5399	-0,343135
5400	-0,136719	5400	-3,4375	5400	-4	5400	-0,326593
5401	-0,141602	5401	-3,42285	5401	-4	5401	-0,384654
5402	-0,141602	5402	-3,41797	5402	-4	5402	-0,398006
5403	-0,131836	5403	-3,52539	5403	-4	5403	0,00578344
5404	-0,151367	5404	-3,42773	5404	-4	5404	-0,408012
5405	-0,131836	5405	-3,43262	5405	-4	5405	-0,38062
5406	-0,146484	5406	-3,42285	5406	-4	5406	-0,411675
5407	-0,141602	5407	-3,42773	5407	-4	5407	-0,384171
5408	-0,136719	5408	-3,23242	5408	-4	5408	-1,10133
5409	-0,146484	5409	-3,42773	5409	-4	5409	-0,269294
5410	-0,141602	5410	-3,4375	5410	-4	5410	-0,24818
5411	-0,146484	5411	-3,41797	5411	-4	5411	-0,338055
5412	-0,146484	5412	-3,43262	5412	-4	5412	-0,287882
5413	-0,151367	5413	-3,42285	5413	-4	5413	-0,335208
5414	-0,141602	5414	-3,43262	5414	-4	5414	-0,303061
5415	-0,146484	5415	-3,43262	5415	-4	5415	-0,311608
5416	-0,131836	5416	-3,4375	5416	-4	5416	-0,300597
5417	-0,131836	5417	-3,43262	5417	-4	5417	-0,327103
5418	-0,136719	5418	-3,42773	5418	-4	5418	-0,34949
5419	-0,146484	5419	-3,43262	5419	-4	5419	-0,332364
5420	-0,141602	5420	-3,42773	5420	-4	5420	-0,353828
5421	-0,141602	5421	-3,42773	5421	-4	5421	-0,353999
5422	-0,146484	5422	-3,43262	5422	-4	5422	-0,336083
5423	-0,146484	5423	-3,42773	5423	-4	5423	-0,356894
5424	-0,131836	5424	-3,33008	5424	-4	5424	-0,717684
5425	-0,146484	5425	-3,42773	5425	-4	5425	-0,303486
5426	-0,146484	5426	-3,42773	5426	-4	5426	-0,31249
5427	-0,146484	5427	-3,42285	5427	-4	5427	-0,337971
5428	-0,136719	5428	-3,4375	5428	-4	5428	-0,287282
5429	-0,146484	5429	-3,42773	5429	-4	5429	-0,334181
5430	-0,141602	5430	-3,42773	5430	-4	5430	-0,3378
5431	-0,146484	5431	-3,42285	5431	-4	5431	-0,358841
5432	-0,136719	5432	-3,41797	5432	-4	5432	-0,376722
5433	-0,141602	5433	-3,43262	5433	-4	5433	-0,319765
5434	-0,141602	5434	-3,42773	5434	-4	5434	-0,343439
5435	-0,141602	5435	-3,43262	5435	-4	5435	-0,327375
5436	-0,131836	5436	-3,43262	5436	-4	5436	-0,331656
5437	-0,141602	5437	-3,43262	5437	-4	5437	-0,335186
5438	-0,136719	5438	-3,41797	5438	-4	5438	-0,39227
5439	-0,141602	5439	-3,43262	5439	-4	5439	-0,332586
5440	-0,146484	5440	-3,51074	5440	-4	5440	-0,0470275
5441	-0,136719	5441	-3,43262	5441	-4	5441	-0,38092
5442	-0,151367	5442	-3,42285	5442	-4	5442	-0,411923
5443	-0,136719	5443	-3,4375	5443	-4	5443	-0,34826
5444	-0,136719	5444	-3,43262	5444	-4	5444	-0,366404
5445	-0,141602	5445	-3,42773	5445	-4	5445	-0,381895
5446	-0,141602	5446	-3,43262	5446	-4	5446	-0,359085
5447	-0,136719	5447	-3,41797	5447	-4	5447	-0,411976
5448	-0,141602	5448	-3,43262	5448	-4	5448	-0,348835
5449	-0,146484	5449	-3,43262	5449	-4	5449	-0,349351
5450	-0,131836	5450	-3,41797	5450	-4	5450	-0,40395
5451	-0,141602	5451	-3,43262	5451	-4	5451	-0,342217
5452	-0,146484	5452	-3,42285	5452	-4	5452	-0,38001
5453	-0,146484	5453	-3,42773	5453	-4	5453	-0,358061
5454	-0,141602	5454	-3,42773	5454	-4	5454	-0,35749
5455	-0,141602	5455	-3,42773	5455	-4	5455	-0,357019
5456	-0,141602	5456	-3,43262	5456	-4	5456	-0,338572
5457	-0,146484	5457	-3,43262	5457	-4	5457	-0,340889
5458	-0,146484	5458	-3,43262	5458	-4	5458	-0,342799
5459	-0,136719	5459	-3,41797	5459	-4	5459	-0,398548
5460	-0,146484	5460	-3,42773	5460	-4	5460	-0,35582
5461	-0,146484	5461	-3,42773	5461	-4	5461	-0,355642
5462	-0,136719	5462	-3,41797	5462	-4	5462	-0,391611
5463	-0,141602	5463	-3,42773	5463	-4	5463	-0,3501
5464	-0,141602	5464	-3,43262	5464	-4	5464	-0,332867
5465	-0,146484	5465	-3,42773	5465	-4	5465	-0,354243
5466	-0,136719	5466	-3,43262	5466	-4	5466	-0,336283
5467	-0,141602	5467	-3,42773	5467	-4	5467	-0,35706
5468	-0,136719	5468	-3,42773	5468	-4	5468	-0,356664
5469	-0,146484	5469	-3,43262	5469	-4	5469	-0,33828
5470	-0,0732422	5470	-3,43262	5470	-4	5470	-0,340648
5471	-0,0732422	5471	-3,42285	5471	-4	5471	-0,378716
5472	-0,078125	5472	-3,42773	5472	-4	5472	-0,356994
5473	-0,0732422	5473	-3,42285	5473	-4	5473	-0,374668
5474	-0,0634766	5474	-3,42773	5474	-4	5474	-0,353656
5475	-0,0634766	5475	-3,42285	5475	-4	5475	-0,371916
5476	-0,0732422	5476	-3,43262	5476	-4	5476	-0,333329
5477	-0,0634766	5477	-3,31055	5477	-4	5477	-0,788012
5478	-0,0732422	5478	-3,42773	5478	-4	5478	-0,291369
5479	-0,0683594	5479	-3,41797	5479	-4	5479	-0,338614
5480	-0,078125	5480	-3,43262	5480	-4	5480	-0,288343
5481	-0,078125	5481	-3,42773	5481	-4	5481	-0,317529
5482	-0,0683594	5482	-3,4375	5482	-4	5482	-0,287953
5483	-0,0634766	5483	-3,42773	5483	-4	5483	-0,334735
5484	-0,0683594	5484	-3,41797	5484	-4	5484	-0,374372
5485	-0,078125	5485	-3,43262	5485	-4	5485	-0,317828
5486	-0,0732422	5486	-3,43262	5486	-4	5486	-0,323784
5487	-0,078125	5487	-3,43262	5487	-4	5487	-0,328695
5488	-0,0732422	5488	-3,42773	5488	-4	5488	-0,350802
5489	-0,078125	5489	-3,42773	5489	-4	5489	-0,351504
5490	-0,078125	5490	-3,42773	5490	2	5490	10
5491	-0,0732422	5491	-3,41797	5491	2	5491	10
5492	-0,0634766	5492	-3,39844	5492	2	5492	10
5493	0,268555	5493	-3,36426	5493	2	5493	10
5494	0,595703	5494	-3,26172	5494	2	5494	10
5495	0,810547	5495	-3,16406	5495	2	5495	9,56269
5496	1,0498	5496	-3,03711	5496	2	5496	7,97723
5497	1,23047	5497	-2,86621	5497	2	5497	6,49359
5498	1,36719	5498	-2,7002	5498	2	5498	5,2697
5499	1,47461	5499	-2,50488	5499	2	5499	4,13413
5500	1,55273	5500	-2,30957	5500	2	5500	3,17653
5501	1,5918	5501	-2,09961	5501	2	5501	2,31152
5502	1,61133	5502	-1,87988	5502	2	5502	1,53931
5503	1,61621	5503	-1,6748	5503	2	5503	0,932849
5504	1,61133	5504	-1,46973	5504	2	5504	0,410477
5505	1,59668	5505	-1,25488	5505	2	5505	-0,0786724
5506	1,50879	5506	-1,05469	5506	2	5506	-0,451202
5507	1,50879	5507	-0,869141	5507	2	5507	-0,725977
5508	1,45508	5508	-0,664063	5508	2	5508	-1,04496
5509	1,39648	5509	-0,46875	5509	2	5509	-1,29417
5510	1,34277	5510	-0,327148	5510	2	5510	-1,32227
5511	1,2793	5511	-0,131836	5511	2	5511	-1,55948
5512	1,20117	5512	0,0195313	5512	2	5512	-1,6138
5513	1,13281	5513	0,170898	5513	2	5513	-1,67505
5514	1,06934	5514	0,3125	5514	2	5514	-1,7059
5515	1,02051	5515	0,463867	5515	2	5515	-1,78286
5516	0,952149	5516	0,585938	5516	2	5516	-1,75444
5517	0,874024	5517	0,698242	5517	2	5517	-1,70816
5518	0,805664	5518	0,81543	5518	2	5518	-1,70028
5519	0,751953	5519	0,922852	5519	2	5519	-1,67041
5520	0,703125	5520	1,01074	5520	2	5520	-1,58523
5521	0,629883	5521	1,1084	5521	2	5521	-1,56067
5522	0,595703	5522	1,18652	5522	2	5522	-1,47882
5523	0,537109	5523	1,26465	5523	2	5523	-1,41982
5524	0,517578	5524	1,33789	5524	2	5524	-1,36161
5525	0,449219	5525	1,40137	5525	2	5525	-1,28546
5526	0,415039	5526	1,45508	5526	2	5526	-1,19346
5527	0,380859	5527	1,50391	5527	2	5527	-1,10539
5528	0,351563	5528	1,55273	5528	2	5528	-1,03808
5529	0,317383	5529	1,59668	5529	2	5529	-0,969831
5530	0,27832	5530	1,64063	5530	2	5530	-0,918336
5531	0,244141	5531	1,68945	5531	2	5531	-0,898713
5532	0,244141	5532	1,70898	5532	2	5532	-0,779497
5533	0,214844	5533	1,73828	5533	2	5533	-0,719436
5534	0,214844	5534	1,76758	5534	2	5534	-0,673098
5535	0,166016	5535	1,79688	5535	2	5535	-0,638077
5536	0,170898	5536	1,82129	5536	2	5536	-0,594329
5537	0,136719	5537	1,83105	5537	2	5537	-0,506737
5538	0,136719	5538	1,85547	5538	2	5538	-0,489749
5539	0,102539	5539	1,88477	5539	2	5539	-0,496454
5540	0,102539	5540	1,68945	5540	2	5540	0,325491
5541	0,102539	5541	1,90918	5541	2	5541	-0,510437
5542	0,0585938	5542	1,93359	5542	2	5542	-0,501297
5543	0,0634766	5543	1,93359	5543	2	5543	-0,406127
5544	0,0585938	5544	1,93848	5544	2	5544	-0,345711
5545	0,0585938	5545	1,95313	5545	2	5545	-0,332542
5546	0,0585938	5546	2,01172	5546	2	5546	-0,485797
5547	0,0146484	5547	1,97754	5547	2	5547	-0,275439
5548	0,0195313	5548	1,98242	5548	2	5548	-0,242731
5549	0,0195313	5549	1,97754	5549	2	5549	-0,180177
5550	0,0195313	5550	1,99219	5550	2	5550	-0,200297
5551	0,0195313	5551	1,99707	5551	2	5551	-0,182365
5552	0,0195313	5552	2,00684	5552	2	5552	-0,186169
5553	0,00976563	5553	2,01172	5553	2	5553	-0,172309
5554	-0,00488281	5554	2,02637	5554	2	5554	-0,197527
5555	-0,00976563	5555	2,03613	5555	2	5555	-0,201857
5556	-0,00976563	5556	2,03125	5556	2	5556	-0,152316
5557	-0,00488281	5557	2,02637	5557	2	5557	-0,110935
5558	-0,00976563	5558	2,02637	5558	2	5558	-0,094341
5559	-0,00976563	5559	2,02637	5559	2	5559	-0,080658
5560	-0,00976563	5560	2,02148	5560	2	5560	-0,0513176
5561	-0,00976563	5561	2,02637	5561	2	5561	-0,0627093
5562	-0,00976563	5562	2,02637	5562	2	5562	-0,0545757
5563	-0,0146484	5563	2,02637	5563	2	5563	-0,047869
5564	-0,00976563	5564	2,02637	5564	2	5564	-0,042339
5565	-0,00488281	5565	2,02637	5565	2	5565	-0,0377791
5566	-0,00488281	5566	2,02637	5566	2	5566	-0,0340193
5567	-0,0146484	5567	2,02637	5567	2	5567	-0,030919
5568	-0,00976563	5568	2,02637	5568	2	5568	-0,0283626
5569	-0,00976563	5569	2,02637	5569	2	5569	-0,0262548
5570	-0,00976563	5570	2,02637	5570	2	5570	-0,0245167
5571	0	5571	2,02637	5571	2	5571	-0,0230836
5572	-0,0146484	5572	2,03125	5572	2	5572	-0,0399597
5573	-0,00976563	5573	2,02637	5573	2	5573	-0,0182905
5574	-0,00976563	5574	2,02637	5574	2	5574	-0,0179497
5575	-0,00976563	5575	2,02637	5575	2	5575	-0,0176687
5576	-0,00976563	5576	2,02148	5576	2	5576	0,00062092
5577	-0,00488281	5577	2,02637	5577	2	5577	-0,0198828
5578	-0,00488281	5578	2,02637	5578	2	5578	-0,0192626
5579	-0,00976563	5579	2,04102	5579	2	5579	-0,0729248
5580	0	5580	2,02637	5580	2	5580	-0,0104188
5581	-0,00976563	5581	2,02637	5581	2	5581	-0,011459
5582	-0,00488281	5582	2,02637	5582	2	5582	-0,0123166
5583	-0,00488281	5583	2,02637	5583	2	5583	-0,0130239
5584	-0,00488281	5584	2,02148	5584	2	5584	0,00445083
5585	-0,00976563	5585	2,02637	5585	2	5585	-0,0167248
5586	-0,00488281	5586	2,02637	5586	2	5586	-0,0166586
5587	-0,00488281	5587	2,02637	5587	2	5587	-0,0166041
5588	-0,00976563	5588	2,02637	5588	2	5588	-0,0165591
5589	-0,00488281	5589	2,02637	5589	2	5589	-0,0165221
5590	-0,00976563	5590	2,02637	5590	2	5590	-0,0164915
5591	0	5591	2,02637	5591	2	5591	-0,0164663
5592	-0,00976563	5592	2,02637	5592	2	5592	-0,0164455
5593	-0,00976563	5593	2,02637	5593	2	5593	-0,0164283
5594	-0,00488281	5594	2,02637	5594	2	5594	-0,0164142
5595	-0,0146484	5595	2,03125	5595	2	5595	-0,0344604
5596	-0,00976563	5596	2,02637	5596	2	5596	-0,013756
5597	-0,00976563	5597	2,02637	5597	2	5597	-0,0142107
5598	-0,00976563	5598	2,02637	5598	2	5598	-0,0145856
5599	-0,00488281	5599	2,02637	5599	2	5599	-0,0148948
5600	-0,00976563	5600	2,02637	5600	2	5600	-0,0151497
5601	-0,00976563	5601	2,02637	5601	2	5601	-0,0153599
5602	-0,00488281	5602	2,02637	5602	2	5602	-0,0155332
5603	-0,00976563	5603	2,02637	5603	2	5603	-0,0156761
5604	-0,00488281	5604	2,02637	5604	2	5604	-0,015794
5605	-0,00976563	5605	2,02637	5605	2	5605	-0,0158911
5606	-0,00976563	5606	2,02637	5606	2	5606	-0,0159712
5607	-0,00488281	5607	2,02637	5607	2	5607	-0,0160373
5608	-0,00976563	5608	2,02637	5608	2	5608	-0,0160918
5609	-0,00976563	5609	2,02148	5609	2	5609	0,00192116
5610	-0,00488281	5610	2,02637	5610	2	5610	-0,0188106
5611	-0,00976563	5611	2,02637	5611	2	5611	-0,0183786
5612	-0,00976563	5612	2,02637	5612	2	5612	-0,0180223
5613	-0,00488281	5613	2,02637	5613	2	5613	-0,0177285
5614	-0,00488281	5614	2,02637	5614	2	5614	-0,0174863
5615	0	5615	2,02148	5615	2	5615	0,000771296
5616	-0,00976563	5616	2,02637	5616	2	5616	-0,0197588
5617	-0,00976563	5617	2,02637	5617	2	5617	-0,0191604
5618	-0,00976563	5618	2,02637	5618	2	5618	-0,0186669
5619	-0,00488281	5619	2,02637	5619	2	5619	-0,0182601
5620	-0,00488281	5620	2,02637	5620	2	5620	-0,0179246
5621	-0,00488281	5621	2,02637	5621	2	5621	-0,0176479
5622	-0,00976563	5622	2,02637	5622	2	5622	-0,0174198
5623	-0,00976563	5623	2,02637	5623	2	5623	-0,0172318
5624	-0,00488281	5624	2,02148	5624	2	5624	0,000981162
5625	-0,0146484	5625	2,02637	5625	2	5625	-0,0195857
5626	-0,00976563	5626	2,03125	5626	2	5626	-0,0370755
5627	-0,00976563	5627	2,02637	5627	2	5627	-0,0159123
5628	-0,00488281	5628	2,02637	5628	2	5628	-0,0159887
5629	-0,00488281	5629	2,02637	5629	2	5629	-0,0160517
5630	-0,00976563	5630	2,02637	5630	2	5630	-0,0161037
5631	-0,00976563	5631	2,02637	5631	2	5631	-0,0161465
5632	-0,00976563	5632	2,02637	5632	2	5632	-0,0161818
5633	-0,00976563	5633	2,02637	5633	2	5633	-0,0162109
5634	-0,00976563	5634	2,02637	5634	2	5634	-0,0162349
5635	-0,00976563	5635	2,02637	5635	2	5635	-0,0162547
5636	-0,00976563	5636	2,03125	5636	2	5636	-0,0343289
5637	-0,00976563	5637	2,02637	5637	2	5637	-0,0136476
5638	-0,00976563	5638	2,02637	5638	2	5638	-0,0141213
5639	-0,00488281	5639	2,02637	5639	2	5639	-0,0145119
5640	-0,00976563	5640	2,02637	5640	2	5640	-0,014834
5641	-0,00976563	5641	2,02637	5641	2	5641	-0,0150996
5642	-0,00488281	5642	2,02637	5642	2	5642	-0,0153186
5643	-0,00488281	5643	2,02637	5643	2	5643	-0,0154991
5644	-0,00976563	5644	2,02637	5644	2	5644	-0,015648
5645	-0,00976563	5645	2,02637	5645	2	5645	-0,0157708
5646	-0,00976563	5646	2,02637	5646	2	5646	-0,015872
5647	-0,00976563	5647	2,02637	5647	2	5647	-0,0159555
5648	-0,00488281	5648	2,02637	5648	2	5648	-0,0160243
5649	-0,00976563	5649	2,02637	5649	2	5649	-0,0160811
5650	-0,0585938	5650	2,02637	5650	2	5650	-0,0161279
5651	-0,00976563	5651	2,02637	5651	2	5651	-0,0161664
5652	-0,00488281	5652	2,02637	5652	2	5652	-0,0161983
5653	-0,00976563	5653	2,03125	5653	2	5653	-0,0342823
5654	-0,00976563	5654	2,02637	5654	2	5654	-0,0136092
5655	-0,00976563	5655	2,02637	5655	2	5655	-0,0140896
5656	-0,00976563	5656	2,02637	5656	2	5656	-0,0144858
5657	-0,00976563	5657	2,02637	5657	2	5657	-0,0148125
5658	-0,00488281	5658	2,02637	5658	2	5658	-0,0150818
5659	-0,00488281	5659	2,02637	5659	2	5659	-0,0153039
5660	-0,00976563	5660	2,03125	5660	2	5660	-0,0335449
5661	-0,00488281	5661	2,02637	5661	2	5661	-0,0130011
5662	-0,00488281	5662	2,02637	5662	2	5662	-0,0135883
5663	-0,00488281	5663	2,02637	5663	2	5663	-0,0140724
5664	-0,00488281	5664	2,02637	5664	2	5664	-0,0144716
