Amostra - Velocidade C/AI0+	Amplitude - Velocidade C/AI0+	Amostra - Set-point	Amplitude - Set-point	Amostra - Esf controle	Amplitude - Esf controle	Amostra - Plot 3	Amplitude - Plot 3
3194	-0,166016	3194	-0,12207	3194	-0,052356	3194	0,036519
3195	-0,170898	3195	-0,12207	3195	-0,052356	3195	0,0376951
3196	-0,166016	3196	-0,126953	3196	-0,052356	3196	0,0567227
3197	-0,161133	3197	-0,117188	3197	-0,052356	3197	0,0187697
3198	-0,170898	3198	-0,126953	3198	-0,052356	3198	0,0586443
3199	-0,166016	3199	-0,12207	3199	-0,052356	3199	0,0384121
3200	-0,15625	3200	-0,126953	3200	-0,052356	3200	0,0573139
3201	-0,170898	3201	-0,12207	3201	-0,052356	3201	0,0373151
3202	-0,166016	3202	-0,126953	3202	-0,052356	3202	0,0564094
3203	-0,166016	3203	-0,126953	3203	-0,052356	3203	0,0546271
3204	-0,166016	3204	-0,12207	3204	-0,052356	3204	0,0350996
3205	-0,166016	3205	-0,126953	3205	-0,052356	3205	0,0545826
3206	-0,166016	3206	-0,12207	3206	-0,052356	3206	0,0350629
3207	-0,170898	3207	-0,12207	3207	-0,052356	3207	0,0364945
3208	-0,161133	3208	-0,126953	3208	-0,052356	3208	0,0557327
3209	-0,166016	3209	-0,12207	3209	-0,052356	3209	0,0360113
3210	-0,161133	3210	-0,12207	3210	-0,052356	3210	0,0372765
3211	-0,170898	3211	-0,12207	3211	-0,052356	3211	0,0383197
3212	-0,15625	3212	-0,12207	3212	-0,052356	3212	0,0391799
3213	-0,166016	3213	-0,126953	3213	-0,052356	3213	0,057947
3214	-0,166016	3214	-0,126953	3214	-0,052356	3214	0,055895
3215	-0,161133	3215	-0,12207	3215	-0,052356	3215	0,0361451
3216	-0,166016	3216	-0,12207	3216	-0,052356	3216	0,0373868
3217	-0,195313	3217	-0,126953	3217	-0,052356	3217	0,0564685
3218	-0,170898	3218	-0,12207	3218	-0,052356	3218	0,036618
3219	-0,170898	3219	-0,126953	3219	-0,052356	3219	0,0558346
3220	-0,166016	3220	-0,126953	3220	-0,052356	3220	0,0541531
3221	-0,166016	3221	-0,117188	3221	-0,052356	3221	0,016651
3222	-0,170898	3222	-0,126953	3222	-0,052356	3222	0,0568973
3223	-0,166016	3223	-0,12207	3223	-0,052356	3223	0,0369715
3224	-0,166016	3224	-0,12207	3224	-0,052356	3224	0,0380682
3225	-0,166016	3225	-0,12207	3225	-0,052356	3225	0,0389726
3226	-0,166016	3226	-0,126953	3226	-0,052356	3226	0,0577761
3227	-0,161133	3227	-0,126953	3227	-0,052356	3227	0,055754
3228	-0,170898	3228	-0,12207	3228	-0,052356	3228	0,0360288
3229	-0,161133	3229	-0,12207	3229	-0,052356	3229	0,0372909
3230	-0,170898	3230	-0,117188	3230	-0,052356	3230	0,0202738
3231	-0,161133	3231	-0,136719	3231	-0,052356	3231	0,0960002
3232	-0,166016	3232	-0,126953	3232	-0,052356	3232	0,0522187
3233	-0,170898	3233	-0,126953	3233	-0,052356	3233	0,0511716
3234	-0,166016	3234	-0,126953	3234	-0,052356	3234	0,0503082
3235	-0,166016	3235	-0,12207	3235	-0,052356	3235	0,0315384
3236	-0,166016	3236	-0,126953	3236	-0,052356	3236	0,0516462
3237	-0,170898	3237	-0,131836	3237	-0,052356	3237	0,0687573
3238	-0,166016	3238	-0,12207	3238	-0,052356	3238	0,0292242
3239	-0,166016	3239	-0,126953	3239	-0,052356	3239	0,0497379
3240	-0,166016	3240	-0,12207	3240	-0,052356	3240	0,0310682
3241	-0,166016	3241	-0,12207	3241	-0,052356	3241	0,0332006
3242	-0,166016	3242	-0,126953	3242	-0,052356	3242	0,0530167
3243	-0,170898	3243	-0,126953	3243	-0,052356	3243	0,0518296
3244	-0,166016	3244	-0,126953	3244	-0,052356	3244	0,0508508
3245	-0,166016	3245	-0,126953	3245	-0,052356	3245	0,0500437
3246	-0,166016	3246	-0,126953	3246	-0,052356	3246	0,0493781
3247	-0,166016	3247	-0,12207	3247	-0,052356	3247	0,0307715
3248	-0,161133	3248	-0,126953	3248	-0,052356	3248	0,0510138
3249	-0,166016	3249	-0,117188	3249	-0,052356	3249	0,0140624
3250	-0,170898	3250	-0,126953	3250	-0,052356	3250	0,0547629
3251	-0,170898	3251	-0,12207	3251	-0,052356	3251	0,0352116
3252	-0,170898	3252	-0,12207	3252	-0,052356	3252	0,0366171
3253	-0,170898	3253	-0,126953	3253	-0,052356	3253	0,0558338
3254	-0,161133	3254	-0,12207	3254	-0,052356	3254	0,0360946
3255	-0,161133	3255	-0,12207	3255	-0,052356	3255	0,0373452
3256	-0,166016	3256	-0,12207	3256	-0,052356	3256	0,0383764
3257	-0,166016	3257	-0,12207	3257	-0,052356	3257	0,0392266
3258	-0,166016	3258	-0,126953	3258	-0,052356	3258	0,0579856
3259	-0,166016	3259	-0,12207	3259	-0,052356	3259	0,0378689
3260	-0,161133	3260	-0,126953	3260	-0,052356	3260	0,056866
3261	-0,166016	3261	-0,12207	3261	-0,052356	3261	0,0369458
3262	-0,166016	3262	-0,126953	3262	-0,052356	3262	0,0561049
3263	-0,170898	3263	-0,126953	3263	-0,052356	3263	0,054376
3264	-0,166016	3264	-0,12207	3264	-0,052356	3264	0,0348926
3265	-0,161133	3265	-0,12207	3265	-0,052356	3265	0,036354
3266	-0,166016	3266	-0,126953	3266	-0,052356	3266	0,0556169
3267	-0,166016	3267	-0,12207	3267	-0,052356	3267	0,0359158
3268	-0,166016	3268	-0,12207	3268	-0,052356	3268	0,0371977
3269	-0,166016	3269	-0,12207	3269	-0,052356	3269	0,0382548
3270	-0,170898	3270	-0,126953	3270	-0,052356	3270	0,0571842
3271	-0,166016	3271	-0,117188	3271	-0,052356	3271	0,0191503
3272	-0,161133	3272	-0,126953	3272	-0,052356	3272	0,0589581
3273	-0,166016	3273	-0,12207	3273	-0,052356	3273	0,0386708
3274	-0,166016	3274	-0,12207	3274	-0,052356	3274	0,0394694
3275	-0,161133	3275	-0,126953	3275	-0,052356	3275	0,0581858
3276	-0,200195	3276	-0,12207	3276	-0,052356	3276	0,038034
3277	-0,161133	3277	-0,126953	3277	-0,052356	3277	0,0570021
3278	-0,170898	3278	-0,12207	3278	-0,052356	3278	0,037058
3279	-0,166016	3279	-0,12207	3279	-0,052356	3279	0,0381396
3280	-0,166016	3280	-0,12207	3280	-0,052356	3280	0,0390314
3281	-0,166016	3281	-0,12207	3281	-0,052356	3281	0,0397667
3282	-0,166016	3282	-0,12207	3282	-0,052356	3282	0,0403731
3283	-0,166016	3283	-0,12207	3283	-0,052356	3283	0,040873
3284	-0,170898	3284	-0,126953	3284	-0,052356	3284	0,0593431
3285	-0,170898	3285	-0,12207	3285	-0,052356	3285	0,0389883
3286	-0,161133	3286	-0,12207	3286	-0,052356	3286	0,0397312
3287	-0,166016	3287	-0,126953	3287	-0,052356	3287	0,0584016
3288	-0,166016	3288	-0,126953	3288	-0,052356	3288	0,0562698
3289	-0,161133	3289	-0,12207	3289	-0,052356	3289	0,0364541
3290	-0,166016	3290	-0,12207	3290	-0,052356	3290	0,0376416
3291	-0,166016	3291	-0,126953	3291	-0,052356	3291	0,0566786
3292	-0,166016	3292	-0,117188	3292	-0,052356	3292	0,0187334
3293	-0,170898	3293	-0,126953	3293	-0,052356	3293	0,0586144
3294	-0,166016	3294	-0,126953	3294	-0,052356	3294	0,0564452
3295	-0,170898	3295	-0,12207	3295	-0,052356	3295	0,0365988
3296	-0,166016	3296	-0,12207	3296	-0,052356	3296	0,0377609
3297	-0,166016	3297	-0,12207	3297	-0,052356	3297	0,0387191
3298	-0,166016	3298	-0,126953	3298	-0,052356	3298	0,0575671
3299	-0,166016	3299	-0,0830078	3299	-0,052356	3299	-0,106939
3300	-0,166016	3300	-0,126953	3300	-0,052356	3300	0,077677
3301	-0,170898	3301	-0,12207	3301	-0,052356	3301	0,0541056
3302	-0,166016	3302	-0,12207	3302	-0,052356	3302	0,0521964
3303	-0,166016	3303	-0,126953	3303	-0,052356	3303	0,0686799
3304	-0,166016	3304	-0,12207	3304	-0,052356	3304	0,046687
3305	-0,161133	3305	-0,12207	3305	-0,052356	3305	0,0460793
3306	-0,166016	3306	-0,0976563	3306	-0,052356	3306	-0,044711
3307	-0,166016	3307	-0,12207	3307	-0,052356	3307	0,0583496
3308	-0,161133	3308	-0,12207	3308	-0,052356	3308	0,0556958
3309	-0,170898	3309	-0,12207	3309	-0,052356	3309	0,0535076
3310	-0,166016	3310	-0,12207	3310	-0,052356	3310	0,0517032
3311	-0,166016	3311	-0,117188	3311	-0,052356	3311	0,0321576
3312	-0,161133	3312	-0,126953	3312	-0,052356	3312	0,0696834
3313	-0,166016	3313	-0,126953	3313	-0,052356	3313	0,0655724
3314	-0,161133	3314	-0,12207	3314	-0,052356	3314	0,0441247
3315	-0,166016	3315	-0,126953	3315	-0,052356	3315	0,0620243
3316	-0,170898	3316	-0,126953	3316	-0,052356	3316	0,0592569
3317	-0,161133	3317	-0,126953	3317	-0,052356	3317	0,056975
3318	-0,170898	3318	-0,12207	3318	-0,052356	3318	0,0370356
3319	-0,170898	3319	-0,117188	3319	-0,052356	3319	0,0200633
3320	-0,166016	3320	-0,126953	3320	-0,052356	3320	0,0597109
3321	-0,166016	3321	-0,12207	3321	-0,052356	3321	0,0392916
3322	-0,166016	3322	-0,126953	3322	-0,052356	3322	0,0580391
3323	-0,166016	3323	-0,117188	3323	-0,052356	3323	0,0198552
3324	-0,161133	3324	-0,126953	3324	-0,052356	3324	0,0595394
3325	-0,166016	3325	-0,151367	3325	-0,052356	3325	0,147497
3326	-0,170898	3326	-0,12207	3326	-0,052356	3326	0,024043
3327	-0,166016	3327	-0,12207	3327	-0,052356	3327	0,0274079
3328	-0,166016	3328	-0,12207	3328	-0,052356	3328	0,0301825
3329	-0,161133	3329	-0,12207	3329	-0,052356	3329	0,0324703
3330	-0,166016	3330	-0,117188	3330	-0,052356	3330	0,0162988
3331	-0,170898	3331	-0,12207	3331	-0,052356	3331	0,0385491
3332	-0,166016	3332	-0,126953	3332	-0,052356	3332	0,0574269
3333	-0,166016	3333	-0,12207	3333	-0,052356	3333	0,0374082
3334	-0,166016	3334	-0,12207	3334	-0,052356	3334	0,0384283
3335	-0,166016	3335	-0,117188	3335	-0,052356	3335	0,0212116
3336	-0,166016	3336	-0,12207	3336	-0,052356	3336	0,0426
3337	-0,166016	3337	-0,0976563	3337	-0,052356	3337	-0,0475799
3338	-0,170898	3338	-0,126953	3338	-0,052356	3338	0,0740419
3339	-0,170898	3339	-0,126953	3339	-0,052356	3339	0,0691661
3340	-0,166016	3340	-0,12207	3340	-0,052356	3340	0,047088
3341	-0,166016	3341	-0,126953	3341	-0,052356	3341	0,0644677
3342	-0,170898	3342	-0,12207	3342	-0,052356	3342	0,0432138
3343	-0,146484	3343	-0,126953	3343	-0,052356	3343	0,0612732
3344	-0,166016	3344	-0,12207	3344	-0,052356	3344	0,0405798
3345	-0,166016	3345	-0,126953	3345	-0,052356	3345	0,0591013
3346	-0,166016	3346	-0,126953	3346	-0,052356	3346	0,0568467
3347	-0,170898	3347	-0,12207	3347	-0,052356	3347	0,0369299
3348	-0,161133	3348	-0,12207	3348	-0,052356	3348	0,0380339
3349	-0,166016	3349	-0,126953	3349	-0,052356	3349	0,0570021
3350	-0,166016	3350	-0,12207	3350	-0,052356	3350	0,037058
3351	-0,166016	3351	-0,126953	3351	-0,052356	3351	0,0561974
3352	-0,161133	3352	-0,12207	3352	-0,052356	3352	0,0363944
3353	-0,166016	3353	-0,126953	3353	-0,052356	3353	0,0556502
3354	-0,166016	3354	-0,12207	3354	-0,052356	3354	0,0359433
3355	-0,166016	3355	-0,12207	3355	-0,052356	3355	0,0372204
3356	-0,166016	3356	-0,12207	3356	-0,052356	3356	0,0382734
3357	-0,166016	3357	-0,126953	3357	-0,052356	3357	0,0571996
3358	-0,166016	3358	-0,12207	3358	-0,052356	3358	0,0372208
3359	-0,166016	3359	-0,12207	3359	-0,052356	3359	0,0382738
3360	-0,166016	3360	-0,126953	3360	-0,052356	3360	0,0571999
3361	-0,161133	3361	-0,126953	3361	-0,052356	3361	0,0552789
3362	-0,161133	3362	-0,126953	3362	-0,052356	3362	0,0536949
3363	-0,170898	3363	-0,126953	3363	-0,052356	3363	0,0523888
3364	-0,166016	3364	-0,12207	3364	-0,052356	3364	0,033254
3365	-0,166016	3365	-0,126953	3365	-0,052356	3365	0,0530608
3366	-0,166016	3366	-0,12207	3366	-0,052356	3366	0,0338081
3367	-0,166016	3367	-0,117188	3367	-0,052356	3367	0,017402
3368	-0,166016	3368	-0,117188	3368	-0,052356	3368	0,0214009
3369	-0,170898	3369	-0,12207	3369	-0,052356	3369	0,042756
3370	-0,166016	3370	-0,126953	3370	-0,052356	3370	0,0608958
3371	-0,166016	3371	-0,12207	3371	-0,052356	3371	0,0402685
3372	-0,166016	3372	-0,12207	3372	-0,052356	3372	0,0407868
3373	-0,166016	3373	-0,117188	3373	-0,052356	3373	0,0231564
3374	-0,166016	3374	-0,12207	3374	-0,052356	3374	0,0442035
3375	-0,166016	3375	-0,126953	3375	-0,052356	3375	0,0620893
3376	-0,170898	3376	-0,12207	3376	0,052356	3376	0,428504
3377	-0,170898	3377	-0,12207	3377	0,052356	3377	0,3723
3378	-0,170898	3378	-0,117188	3378	0,052356	3378	0,307899
3379	-0,161133	3379	-0,12207	3379	0,052356	3379	0,290381
3380	-0,170898	3380	-0,12207	3380	0,052356	3380	0,25841
3381	-0,166016	3381	-0,12207	3381	0,052356	3381	0,232047
3382	-0,166016	3382	-0,12207	3382	0,052356	3382	0,21031
3383	-0,166016	3383	-0,12207	3383	0,052356	3383	0,192386
3384	-0,166016	3384	-0,126953	3384	0,052356	3384	0,195665
3385	-0,175781	3385	-0,12207	3385	0,052356	3385	0,162784
3386	-0,161133	3386	-0,12207	3386	0,26178	3386	0,9277
3387	-0,166016	3387	-0,126953	3387	0,26178	3387	0,824755
3388	-0,161133	3388	-0,12207	3388	0,26178	3388	0,704287
3389	-0,170898	3389	-0,126953	3389	0,890052	3389	2,96404
3390	-0,175781	3390	-0,126953	3390	0,994764	3390	2,94191
3391	-0,15625	3391	-0,107422	3391	1,20419	3391	3,25007
3392	-0,170898	3392	-0,0830078	3392	1,3089	3392	3,11951
3393	-0,151367	3393	-0,0634766	3393	1,51832	3393	3,4259
3394	-0,180664	3394	-0,0585938	3394	1,83246	3394	4,14061
3395	0,0292969	3395	-0,0195313	3395	2,04188	3395	4,24992
3396	0,136719	3396	0,0244141	3396	2,1466	3396	3,95328
3397	0,234375	3397	0,0830078	3397	2,35602	3397	4,04836
3398	0,302734	3398	0,141602	3398	2,46073	3398	3,75592
3399	0,34668	3399	0,205078	3399	2,77487	3399	4,27624
3400	0,458984	3400	0,292969	3400	2,98429	3400	4,25501
3401	0,50293	3401	0,366211	3401	2,98429	3401	3,53039
3402	0,605469	3402	0,478516	3402	3,19372	3402	3,55497
3403	0,688477	3403	0,566406	3403	3,50785	3403	4,06334
3404	0,712891	3404	0,698242	3404	3,71728	3404	3,95736
3405	0,786133	3405	0,825195	3405	3,82199	3405	3,50922
3406	0,830078	3406	0,927734	3406	3,82199	3406	2,84032
3407	0,878906	3407	1,05957	3407	4,03141	3407	2,94377
3408	0,917969	3408	1,21094	3408	4,13613	3408	2,57803
3409	0,947266	3409	1,34277	3409	4,45026	3409	3,11811
3410	0,942383	3410	1,48438	3410	4,45026	3410	2,38541
3411	0,996094	3411	1,61133	3411	4,45026	3411	1,82001
3412	1,01563	3412	1,77734	3412	4,7644	3412	2,3573
3413	1,02539	3413	1,91895	3413	4,86911	3413	2,13222
3414	1,03027	3414	2,0752	3414	4,97382	3414	1,88844
3415	1,04004	3415	2,22656	3415	4,97382	3415	1,31263
3416	1,03516	3416	2,37305	3416	5,07853	3416	1,22668
3417	1,02539	3417	2,5293	3417	5,07853	3417	0,727907
3418	1,03027	3418	2,6709	3418	5,18325	3418	0,741062
3419	1,00098	3419	2,81738	3419	5,18325	3419	0,342589
3420	0,981445	3420	2,96875	3420	5,18325	3420	-0,0199679
3421	0,952149	3421	3,10547	3421	5,18325	3421	-0,281209
3422	0,922852	3422	3,25684	3422	5,18325	3422	-0,565664
3423	0,908203	3423	3,37891	3423	5,18325	3423	-0,708331
3424	0,859375	3424	3,50098	3424	5,18325	3424	-0,839247
3425	0,834961	3425	3,6377	3425	5,18325	3425	-1,01465
3426	0,766602	3426	3,74512	3426	5,18325	3426	-1,0658
3427	0,732422	3427	3,87207	3427	5,28796	3427	-0,804641
3428	0,703125	3428	3,97949	3428	5,28796	3428	-0,90674
3429	0,649414	3429	4,04785	3429	5,28796	3429	-0,858148
3430	0,600586	3430	4,16992	3430	5,28796	3430	-1,02415
3431	0,551758	3431	4,25781	3431	5,28796	3431	-1,04791
3432	0,507813	3432	4,35059	3432	5,28796	3432	-1,09511
3433	0,46875	3433	4,42871	3433	5,28796	3433	-1,08995
3434	0,424805	3434	4,51172	3434	5,28796	3434	-1,11225
3435	0,371094	3435	4,5752	3435	5,28796	3435	-1,06744
3436	0,332031	3436	4,63379	3436	5,28796	3436	-1,01934
3437	0,317383	3437	4,69238	3437	5,28796	3437	-0,986044
3438	0,27832	3438	4,75098	3438	5,28796	3438	-0,964966
3439	0,234375	3439	4,80469	3439	5,28796	3439	-0,935902
3440	0,214844	3440	4,83887	3440	5,28796	3440	-0,845547
3441	0,161133	3441	4,87793	3441	5,28796	3441	-0,79282
3442	0,112305	3442	4,92188	3442	5,28796	3442	-0,77165
3443	0,117188	3443	4,95117	3443	5,28796	3443	-0,7048
3444	0,0634766	3444	4,98047	3444	5,28796	3444	-0,652865
3445	0,0683594	3445	5,00488	3445	5,28796	3445	-0,59517
3446	0,0341797	3446	5,03418	3446	5,28796	3446	-0,568311
3447	0,0341797	3447	5,04395	3447	5,28796	3447	-0,477119
3448	0,0292969	3448	5,05371	3448	5,28796	3448	-0,402988
3449	-0,0195313	3449	5,07324	3449	5,28796	3449	-0,37904
3450	-0,0195313	3450	5,08301	3450	5,28796	3450	-0,325303
3451	-0,0195313	3451	5,09766	3451	5,28796	3451	-0,300113
3452	-0,0146484	3452	5,10742	3452	5,28796	3452	-0,262878
3453	-0,0732422	3453	5,12695	3453	5,28796	3453	-0,269353
3454	-0,0732422	3454	5,12207	3454	5,28796	3454	-0,186527
3455	-0,0683594	3455	5,13184	3455	5,28796	3455	-0,171875
3456	-0,0732422	3456	5,14648	3456	5,28796	3456	-0,178913
3457	-0,0732422	3457	5,15137	3457	5,28796	3457	-0,150195
3458	-0,107422	3458	5,17578	3458	5,28796	3458	-0,199277
3459	-0,0976563	3459	5,16602	3459	5,28796	3459	-0,115999
3460	-0,0976563	3460	5,16602	3460	5,28796	3460	-0,0823841
3461	-0,102539	3461	5,17578	3461	5,28796	3461	-0,0907825
3462	-0,0976563	3462	5,18066	3462	5,28796	3462	-0,080712
3463	-0,0976563	3463	5,18555	3463	5,28796	3463	-0,0729393
3464	-0,0927734	3464	5,18066	3464	5,28796	3464	-0,0309457
3465	-0,102539	3465	5,18555	3465	5,28796	3465	-0,0319039
3466	-0,0976563	3466	5,18555	3466	5,28796	3466	-0,0151673
3467	-0,0976563	3467	5,18555	3467	5,28796	3467	-0,00136698
3468	-0,0976563	3468	5,18555	3468	5,28796	3468	0,0100123
3469	-0,0976563	3469	5,18066	3469	5,28796	3469	0,037453
3470	-0,102539	3470	5,1709	3470	5,28796	3470	0,0786685
3471	-0,0976563	3471	5,1709	3471	5,28796	3471	0,0775998
3472	-0,0927734	3472	5,16602	3472	5,28796	3472	0,0947764
3473	-0,0976563	3473	5,16602	3473	5,28796	3473	0,0914128
3474	-0,0976563	3474	5,16602	3474	5,28796	3474	0,0886393
3475	-0,102539	3475	5,16602	3475	5,28796	3475	0,0863524
3476	-0,102539	3476	5,1709	3476	5,28796	3476	0,0664089
3477	-0,0976563	3477	5,1709	3477	5,28796	3477	0,067491
3478	-0,0976563	3478	5,16602	3478	5,28796	3478	0,086441
3479	-0,0976563	3479	5,1709	3479	5,28796	3479	0,066482
3480	-0,0976563	3480	5,1709	3480	5,28796	3480	0,0675512
3481	-0,0976563	3481	5,1709	3481	5,28796	3481	0,0684329
3482	-0,0976563	3482	5,17578	3482	5,28796	3482	0,051102
3483	-0,0927734	3483	5,16602	3483	5,28796	3483	0,0904541
3484	-0,102539	3484	5,17578	3484	5,28796	3484	0,0517331
3485	-0,0976563	3485	5,16113	3485	5,28796	3485	0,109032
3486	-0,102539	3486	5,16602	3486	5,28796	3486	0,085641
3487	-0,102539	3487	5,16602	3487	5,28796	3487	0,0838801
3488	-0,0976563	3488	5,1709	3488	5,28796	3488	0,0643703
3489	-0,102539	3489	5,16602	3489	5,28796	3489	0,0838679
3490	-0,0976563	3490	5,16602	3490	5,28796	3490	0,0824181
3491	-0,102539	3491	5,17578	3491	5,28796	3491	0,0451069
3492	-0,0976563	3492	5,1709	3492	5,28796	3492	0,0674529
3493	-0,0976563	3493	5,16602	3493	5,28796	3493	0,0864097
3494	-0,102539	3494	5,1709	3494	5,28796	3494	0,0664561
3495	-0,0976563	3495	5,16602	3495	5,28796	3495	0,0855877
3496	-0,102539	3496	5,17578	3496	5,28796	3496	0,0477205
3497	-0,0927734	3497	5,16602	3497	5,28796	3497	0,0876658
3498	-0,102539	3498	5,16602	3498	5,28796	3498	0,0855497
3499	-0,078125	3499	5,16602	3499	5,28796	3499	0,0838049
3500	-0,102539	3500	5,1709	3500	5,28796	3500	0,0643083
3501	-0,102539	3501	5,1709	3501	5,28796	3501	0,0657589
3502	-0,0976563	3502	5,1709	3502	5,28796	3502	0,066955
3503	-0,0488281	3503	5,1709	3503	5,28796	3503	0,0679413
3504	-0,102539	3504	5,16602	3504	5,28796	3504	0,0868123
3505	-0,0976563	3505	5,17578	3505	5,28796	3505	0,0487303
3506	-0,102539	3506	5,16602	3506	5,28796	3506	0,0884984
3507	-0,102539	3507	5,1709	3507	5,28796	3507	0,0681784
3508	-0,0976563	3508	5,1709	3508	5,28796	3508	0,06895
3509	-0,0976563	3509	5,16602	3509	5,28796	3509	0,0876441
3510	-0,0976563	3510	5,17578	3510	5,28796	3510	0,0494162
3511	-0,0927734	3511	5,1709	3511	5,28796	3511	0,0710061
3512	-0,102539	3512	5,16602	3512	5,28796	3512	0,0893395
3513	-0,102539	3513	5,16602	3513	5,28796	3513	0,0869298
3514	-0,0976563	3514	5,16602	3514	5,28796	3514	0,0849428
3515	-0,0976563	3515	5,1709	3515	5,28796	3515	0,0652466
3516	-0,0976563	3516	5,16602	3516	5,28796	3516	0,0845904
3517	-0,0976563	3517	5,1709	3517	5,28796	3517	0,064956
3518	-0,107422	3518	5,16602	3518	5,28796	3518	0,0843508
3519	-0,102539	3519	5,16602	3519	5,28796	3519	0,0828163
3520	-0,102539	3520	5,16602	3520	5,28796	3520	0,081551
3521	-0,0976563	3521	5,1709	3521	5,28796	3521	0,0624498
3522	-0,0976563	3522	5,1709	3522	5,28796	3522	0,0642265
3523	-0,0976563	3523	5,1709	3523	5,28796	3523	0,0656914
3524	-0,0976563	3524	5,1709	3524	5,28796	3524	0,0668994
3525	-0,0830078	3525	5,16602	3525	5,28796	3525	0,0859532
3526	-0,0927734	3526	5,16602	3526	5,28796	3526	0,0841376
3527	-0,102539	3527	5,1709	3527	5,28796	3527	0,0645826
3528	-0,0976563	3528	5,1709	3528	5,28796	3528	0,0659851
3529	-0,0976563	3529	5,1709	3529	5,28796	3529	0,0671415
3530	-0,102539	3530	5,16602	3530	5,28796	3530	0,0861529
3531	-0,0976563	3531	5,1709	3531	5,28796	3531	0,0662444
3532	-0,102539	3532	5,1709	3532	5,28796	3532	0,0673553
3533	-0,0976563	3533	5,16602	3533	5,28796	3533	0,0863292
3534	-0,0976563	3534	5,1709	3534	5,28796	3534	0,0663897
3535	-0,0976563	3535	5,1709	3535	5,28796	3535	0,0674752
3536	-0,102539	3536	5,1709	3536	5,28796	3536	0,0683702
3537	-0,0976563	3537	5,16113	3537	5,28796	3537	0,105224
3538	-0,0976563	3538	5,16602	3538	5,28796	3538	0,0825007
3539	-0,0927734	3539	5,16602	3539	5,28796	3539	0,0812907
3540	-0,0976563	3540	5,16602	3540	5,28796	3540	0,0802931
3541	-0,0976563	3541	5,1709	3541	5,28796	3541	0,0614126
3542	-0,102539	3542	5,16602	3542	5,28796	3542	0,081429
3543	-0,0976563	3543	5,1709	3543	5,28796	3543	0,0623493
3544	-0,102539	3544	5,1709	3544	5,28796	3544	0,0641436
3545	-0,107422	3545	5,16602	3545	5,28796	3545	0,0836809
3546	-0,0976563	3546	5,1709	3546	5,28796	3546	0,0642061
3547	-0,0976563	3547	5,1709	3547	5,28796	3547	0,0656746
3548	-0,0976563	3548	5,1709	3548	5,28796	3548	0,0668855
3549	-0,102539	3549	5,16602	3549	5,28796	3549	0,0859418
3550	-0,0976563	3550	5,17578	3550	5,28796	3550	0,0480125
3551	-0,0976563	3551	5,16602	3551	5,28796	3551	0,0879065
3552	-0,0976563	3552	5,16602	3552	5,28796	3552	0,0857482
3553	-0,102539	3553	5,16113	3553	5,28796	3553	0,102026
3554	-0,0976563	3554	5,1709	3554	5,28796	3554	0,0618063
3555	-0,102539	3555	5,1709	3555	5,28796	3555	0,0636958
3556	-0,0976563	3556	5,1709	3556	5,28796	3556	0,0652539
3557	-0,0976563	3557	5,1709	3557	5,28796	3557	0,0665386
3558	-0,0976563	3558	5,16602	3558	5,28796	3558	0,0856557
3559	-0,0976563	3559	5,1709	3559	5,28796	3559	0,0658344
3560	-0,102539	3560	5,1709	3560	5,28796	3560	0,0670173
3561	-0,0976563	3561	5,16602	3561	5,28796	3561	0,0860505
3562	-0,0976563	3562	5,16602	3562	5,28796	3562	0,0842178
3563	-0,0976563	3563	5,1709	3563	5,28796	3563	0,0646487
3564	-0,102539	3564	5,1709	3564	5,28796	3564	0,0660396
3565	-0,0927734	3565	5,1709	3565	5,28796	3565	0,0671865
3566	-0,0927734	3566	5,16602	3566	5,28796	3566	0,08619
3567	-0,0976563	3567	5,1709	3567	5,28796	3567	0,0662749
3568	-0,102539	3568	5,16602	3568	5,28796	3568	0,0854384
3569	-0,102539	3569	5,1709	3569	5,28796	3569	0,0656552
3570	-0,0927734	3570	5,1709	3570	5,28796	3570	0,0668695
3571	-0,0976563	3571	5,1709	3571	5,28796	3571	0,0678708
3572	-0,0976563	3572	5,1709	3572	4,55497	3572	-2,64206
3573	-0,0830078	3573	5,15625	3573	4,24084	3573	-3,35312
3574	-0,107422	3574	5,2002	3574	3,71728	3574	-4,96319
3575	-0,102539	3575	5,1709	3575	3,40314	3575	-5,30716
3576	-0,0976563	3576	5,14648	3576	3,08901	3576	-5,63983
3577	-0,175781	3577	5,10254	3577	2,77487	3577	-5,87341
3578	-0,463867	3578	5,07324	3578	2,56544	3578	-5,76233
3579	-0,585938	3579	5	3579	2,56544	3579	-4,75331
3580	-0,766602	3580	4,88281	3580	1,51832	3580	-7,62332
3581	-0,878906	3581	4,84375	3581	0,78534	3581	-9,21815
3582	-0,996094	3582	4,73633	3582	0,78534	3582	-7,6451
3583	-1,14746	3583	4,60938	3583	0,575916	3583	-7,03861
3584	-1,30371	3584	4,46289	3584	0,575916	3584	-5,70076
3585	-1,4209	3585	4,32617	3585	0,471204	3585	-5,00505
3586	-1,52832	3586	4,16992	3586	0,157068	3586	-5,13019
3587	-1,60156	3587	3,96973	3587	-0,052356	3587	-4,70077
3588	-1,67969	3588	3,80371	3588	-0,157068	3588	-4,08685
3589	-1,75781	3589	3,56934	3589	-0,157068	3589	-2,9339
3590	-1,79688	3590	3,39844	3590	-0,575916	3590	-3,74149
3591	-1,79199	3591	3,18359	3591	-0,575916	3591	-2,72284
3592	-1,83105	3592	2,94434	3592	-0,575916	3592	-1,76924
3593	-1,83105	3593	2,76855	3593	-0,575916	3593	-1,19167
3594	-1,84082	3594	2,44629	3594	-0,78534	3594	-0,929076
3595	-1,83105	3595	2,35352	3595	-0,890052	3595	-1,16174
3596	-1,82129	3596	2,12402	3596	-0,890052	3596	-0,462019
3597	-1,78711	3597	1,93359	3597	-1,09948	3597	-0,779056
3598	-1,77734	3598	1,7334	3598	-1,3089	3598	-1,00642
3599	-1,75781	3599	1,52344	3599	-1,3089	3599	-0,384286
3600	-1,72852	3600	1,34766	3600	-1,62304	3600	-1,13662
3601	-1,70898	3601	1,1377	3601	-1,83246	3601	-1,25835
3602	-1,68457	3602	0,961914	3602	-1,93717	3602	-1,09783
3603	-1,68457	3603	0,776367	3603	-1,93717	3603	-0,534367
3604	-1,64551	3604	0,585938	3604	-2,1466	3604	-0,806022
3605	-1,66992	3605	0,395508	3605	-2,46073	3605	-1,41933
3606	-1,65039	3606	0,209961	3606	-2,67016	3606	-1,56931
3607	-1,64063	3607	0,00976563	3607	-2,87958	3607	-1,6414
3608	-1,61621	3608	-0,175781	3608	-2,98429	3608	-1,36877
3609	-1,61133	3609	-0,478516	3609	-3,19372	3609	-1,08904
3610	-1,5918	3610	-0,522461	3610	-3,19372	3610	-1,03079
3611	-1,5332	3611	-0,693359	3611	-3,29843	3611	-0,895737
3612	-1,55273	3612	-0,864258	3612	-3,50785	3612	-1,16443
3613	-1,54297	3613	-1,0498	3613	-3,50785	3613	-0,561492
3614	-1,54785	3614	-1,19141	3614	-3,50785	3614	-0,206674
3615	-1,5332	3615	-1,38672	3615	-3,61257	3615	-0,0873167
3616	-1,5332	3616	-1,53809	3616	-3,61257	3616	0,245685
3617	-1,47949	3617	-1,71387	3617	-3,61257	3617	0,62702
3618	-1,44531	3618	-1,89941	3618	-3,82199	3618	0,222188
3619	-1,38184	3619	-2,04102	3619	-3,82199	3619	0,497763
3620	-1,35742	3620	-2,19727	3620	-3,82199	3620	0,794567
3621	-1,30371	3621	-2,34863	3621	-4,13613	3621	-0,123514
3622	-1,25	3622	-2,47559	3622	-4,13613	3622	0,17323
3623	-1,21094	3623	-2,60254	3623	-4,13613	3623	0,431722
3624	-1,19141	3624	-2,72949	3624	-4,13613	3624	0,658674
3625	-1,16211	3625	-2,85645	3625	-4,13613	3625	0,859619
3626	-1,1084	3626	-2,97363	3626	-4,24084	3626	0,615753
3627	-1,07422	3627	-3,08106	3627	-4,24084	3627	0,767162
3628	-1,02539	3628	-3,19336	3628	-4,24084	3628	0,921751
3629	-1,00586	3629	-3,30566	3629	-4,24084	3629	1,06143
3630	-0,942383	3630	-3,39356	3630	-4,45026	3630	0,324037
3631	-0,932617	3631	-3,48145	3631	-4,45026	3631	0,47729
3632	-0,883789	3632	-3,5791	3632	-4,45026	3632	0,649331
3633	-0,849609	3633	-3,66211	3633	-4,45026	3633	0,747639
3634	-0,810547	3634	-3,75	3634	-4,45026	3634	0,855787
3635	-0,800781	3635	-3,82813	3635	-4,45026	3635	0,918405
3636	-0,742188	3636	-3,91113	3636	-4,45026	3636	0,996594
3637	-0,732422	3637	-3,95996	3637	-4,45026	3637	0,943689
3638	-0,693359	3638	-4,01856	3638	-4,45026	3638	0,941493
3639	-0,649414	3639	-4,08691	3639	-4,45026	3639	0,982171
3640	-0,615234	3640	-4,15527	3640	-4,45026	3640	1,02315
3641	-0,585938	3641	-4,2041	3641	-4,55497	3641	0,60489
3642	-0,551758	3642	-4,24316	3642	-4,55497	3642	0,605067
3643	-0,522461	3643	-4,2627	3643	-4,55497	3643	0,53723
3644	-0,483398	3644	-4,31152	3644	-4,55497	3644	0,591766
3645	-0,46875	3645	-4,34082	3645	-4,55497	3645	0,569814
3646	-0,458984	3646	-4,38965	3646	-4,55497	3646	0,627131
3647	-0,439453	3647	-4,41406	3647	-4,55497	3647	0,589415
3648	-0,419922	3648	-4,43848	3648	-4,55497	3648	0,560971
3649	-0,415039	3649	-4,44336	3649	-4,55497	3649	0,467941
3650	-0,361328	3650	-4,49219	3650	-4,55497	3650	0,554284
3651	-0,366211	3651	-4,49707	3651	-4,7644	3651	-0,306233
3652	-0,327148	3652	-4,52637	3652	-4,7644	3652	-0,173239
3653	-0,332031	3653	-4,53125	3653	-4,7644	3653	-0,150679
3654	-0,322266	3654	-4,53613	3654	-4,7644	3654	-0,131546
3655	-0,322266	3655	-4,55566	3655	-4,7644	3655	-0,0610656
3656	-0,297852	3656	-4,58008	3656	-4,7644	3656	0,0172325
3657	-0,302734	3657	-4,59473	3657	-4,7644	3657	0,048334
3658	-0,302734	3658	-4,58496	3658	-4,7644	3658	-0,0147168
3659	-0,292969	3659	-4,58496	3659	-4,7644	3659	-0,0316525
3660	-0,292969	3660	-4,59961	3660	-4,7644	3660	0,00855638
3661	-0,297852	3661	-4,59961	3661	-4,86911	3661	-0,39812
3662	-0,292969	3662	-4,58008	3662	-4,86911	3662	-0,42982
3663	-0,126953	3663	-4,58496	3663	-4,86911	3663	-0,367793
3664	-0,117188	3664	-4,62891	3664	-4,86911	3664	-0,171655
3665	-0,12207	3665	-4,57031	3665	-4,86911	3665	-0,384362
3666	-0,12207	3666	-4,58496	3666	-4,86911	3666	-0,295257
3667	-0,126953	3667	-4,57031	3667	-4,86911	3667	-0,328538
3668	-0,12207	3668	-4,58008	3668	-4,86911	3668	-0,267285
3669	-0,117188	3669	-4,58008	3669	-4,86911	3669	-0,251832
3670	-0,126953	3670	-4,57031	3670	-4,86911	3670	-0,275205
3671	-0,117188	3671	-4,59473	3671	-4,86911	3671	-0,169135
3672	-0,131836	3672	-4,58008	3672	-4,86911	3672	-0,223481
3673	-0,126953	3673	-4,58496	3673	-4,86911	3673	-0,197654
3674	-0,126953	3674	-4,58008	3674	-4,86911	3674	-0,211943
3675	-0,117188	3675	-4,57031	3675	-4,86911	3675	-0,242314
3676	-0,12207	3676	-4,56543	3676	-4,86911	3676	-0,250362
3677	-0,112305	3677	-4,56055	3677	-4,86911	3677	-0,257528
3678	-0,117188	3678	-4,56543	3678	-4,86911	3678	-0,227853
3679	-0,12207	3679	-4,56055	3679	-4,86911	3679	-0,238969
3680	-0,112305	3680	-4,53125	3680	-4,86911	3680	-0,338954
3681	-0,161133	3681	-4,5459	3681	-4,86911	3681	-0,262065
3682	-0,161133	3682	-4,52637	3682	-4,86911	3682	-0,323476
3683	-0,146484	3683	-4,53613	3683	-4,86911	3683	-0,267891
3684	-0,141602	3684	-4,53613	3684	-4,86911	3684	-0,257111
3685	-0,15625	3685	-4,54102	3685	-4,86911	3685	-0,230165
3686	-0,136719	3686	-4,4043	3686	-4,86911	3686	-0,731092
3687	-0,15625	3687	-4,5166	3687	-4,86911	3687	-0,238058
3688	-0,136719	3688	-4,51172	3688	-4,86911	3688	-0,252695
3689	-0,146484	3689	-4,53125	3689	-4,86911	3689	-0,175005
3690	-0,15625	3690	-4,54102	3690	-4,86911	3690	-0,144936
3691	-0,146484	3691	-4,52148	3691	-4,86911	3691	-0,227428
3692	-0,146484	3692	-4,53613	3692	-4,86911	3692	-0,171166
3693	-0,151367	3693	-4,56543	3693	-4,86911	3693	-0,0690087
3694	-0,15625	3694	-4,52637	3694	-4,86911	3694	-0,234396
3695	-0,141602	3695	-4,53613	3695	-4,86911	3695	-0,194439
3696	-0,146484	3696	-4,53613	3696	-4,86911	3696	-0,196546
3697	-0,146484	3697	-4,53613	3697	-4,86911	3697	-0,198283
3698	-0,146484	3698	-4,53125	3698	-4,86911	3698	-0,217773
3699	-0,15625	3699	-4,54102	3699	-4,86911	3699	-0,180201
3700	-0,151367	3700	-4,53613	3700	-4,86911	3700	-0,202332
3701	-0,141602	3701	-4,53125	3701	-4,86911	3701	-0,221111
3702	-0,141602	3702	-4,5459	3702	-4,86911	3702	-0,164896
3703	-0,146484	3703	-4,54102	3703	-4,86911	3703	-0,189181
3704	-0,141602	3704	-4,53613	3704	-4,86911	3704	-0,209737
3705	-0,151367	3705	-4,53125	3705	-4,86911	3705	-0,227217
3706	-0,151367	3706	-4,53613	3706	-4,86911	3706	-0,206046
3707	-0,146484	3707	-4,54102	3707	-4,86911	3707	-0,188059
3708	-0,151367	3708	-4,52637	3708	-4,86911	3708	-0,244927
3709	-0,141602	3709	-4,52637	3709	-4,86911	3709	-0,239238
3710	-0,146484	3710	-4,53125	3710	-4,86911	3710	-0,216489
3711	-0,136719	3711	-4,53125	3711	-4,86911	3711	-0,215258
3712	-0,131836	3712	-4,53125	3712	-4,86911	3712	-0,214243
3713	-0,15625	3713	-4,53613	3713	-4,86911	3713	-0,195349
3714	-0,136719	3714	-4,53125	3714	-4,86911	3714	-0,215353
3715	-0,141602	3715	-4,53613	3715	-4,86911	3715	-0,196264
3716	-0,146484	3716	-4,53613	3716	-4,86911	3716	-0,19805
3717	-0,161133	3717	-4,53125	3717	-4,86911	3717	-0,217581
3718	-0,136719	3718	-4,55078	3718	-4,86911	3718	-0,143927
3719	-0,141602	3719	-4,52637	3719	-4,86911	3719	-0,243591
3720	-0,131836	3720	-4,54102	3720	-4,86911	3720	-0,183963
3721	-0,131836	3721	-4,53125	3721	-4,86911	3721	-0,223492
3722	-0,151367	3722	-4,53125	3722	-4,86911	3722	-0,221032
3723	-0,151367	3723	-4,53125	3723	-4,86911	3723	-0,219004
3724	-0,136719	3724	-4,53125	3724	-4,86911	3724	-0,217332
3725	-0,151367	3725	-4,54102	3725	-4,86911	3725	-0,179838
3726	-0,141602	3726	-4,53613	3726	-4,86911	3726	-0,202033
3727	-0,146484	3727	-4,53613	3727	-4,86911	3727	-0,202807
3728	-0,15625	3728	-4,52637	3728	-4,86911	3728	-0,239561
3729	-0,161133	3729	-4,53613	3729	-4,86911	3729	-0,198698
3730	-0,151367	3730	-4,54102	3730	-4,86911	3730	-0,181999
3731	-0,161133	3731	-4,54102	3731	-4,86911	3731	-0,185757
3732	-0,146484	3732	-4,53125	3732	-4,86911	3732	-0,224971
3733	-0,131836	3733	-4,53125	3733	-4,86911	3733	-0,222252
3734	-0,15625	3734	-4,53613	3734	-4,86911	3734	-0,201952
3735	-0,151367	3735	-4,5459	3735	-4,86911	3735	-0,166625
3736	-0,141602	3736	-4,53125	3736	-4,86911	3736	-0,226722
3737	-0,15625	3737	-4,53613	3737	-4,86911	3737	-0,205638
3738	-0,15625	3738	-4,54102	3738	-4,86911	3738	-0,187722
3739	-0,146484	3739	-4,5459	3739	-4,86911	3739	-0,172418
3740	-0,146484	3740	-4,53125	3740	-4,86911	3740	-0,231499
3741	-0,146484	3741	-4,53125	3741	-4,86911	3741	-0,227635
3742	-0,141602	3742	-4,53125	3742	-4,86911	3742	-0,224449
3743	-0,151367	3743	-4,51172	3743	-4,86911	3743	-0,294053
3744	-0,15625	3744	-4,53613	3744	-4,86911	3744	-0,191049
3745	-0,146484	3745	-4,53613	3745	-4,86911	3745	-0,19375
3746	-0,146484	3746	-4,52637	3746	-4,86911	3746	-0,232093
3747	-0,15625	3747	-4,5459	3747	-4,86911	3747	-0,156425
3748	-0,151367	3748	-4,53613	3748	-4,86911	3748	-0,200254
3749	-0,146484	3749	-4,53125	3749	-4,86911	3749	-0,219398
3750	-0,151367	3750	-4,54102	3750	-4,86911	3750	-0,181541
3751	-0,146484	3751	-4,54102	3751	-4,86911	3751	-0,185379
3752	-0,151367	3752	-4,5166	3752	-4,86911	3752	-0,278833
3753	-0,146484	3753	-4,53613	3753	-4,86911	3753	-0,196027
3754	-0,151367	3754	-4,53613	3754	-4,86911	3754	-0,197854
3755	-0,15625	3755	-4,57031	3755	-4,86911	3755	-0,0729568
3756	-0,15625	3756	-4,53613	3756	-4,86911	3756	-0,219063
3757	-0,146484	3757	-4,54102	3757	-4,86911	3757	-0,198792
3758	-0,161133	3758	-4,5459	3758	-4,86911	3758	-0,181545
3759	-0,151367	3759	-4,5459	3759	-4,86911	3759	-0,184852
3760	-0,15625	3760	-4,5459	3760	-4,86911	3760	-0,187578
3761	-0,141602	3761	-4,37012	3761	-4,86911	3761	-0,839908
3762	-0,166016	3762	-4,53125	3762	-4,86911	3762	-0,150923
3763	-0,136719	3763	-4,53125	3763	-4,86911	3763	-0,161195
3764	-0,151367	3764	-4,5459	3764	-4,86911	3764	-0,115491
3765	-0,146484	3765	-4,53613	3765	-4,86911	3765	-0,166502
3766	-0,136719	3766	-4,52148	3766	-4,86911	3766	-0,227683
3767	-0,170898	3767	-4,53613	3767	-4,86911	3767	-0,171377
3768	-0,161133	3768	-4,52148	3768	-4,86911	3768	-0,231703
3769	-0,136719	3769	-4,52148	3769	-4,86911	3769	-0,228865
3770	-0,151367	3770	-4,54102	3770	-4,86911	3770	-0,154294
3771	-0,136719	3771	-4,53125	3771	-4,86911	3771	-0,199028
3772	-0,136719	3772	-4,52148	3772	-4,86911	3772	-0,236976
3773	-0,151367	3773	-4,53613	3773	-4,86911	3773	-0,17904
3774	-0,146484	3774	-4,53613	3774	-4,86911	3774	-0,183848
3775	-0,141602	3775	-4,53613	3775	-4,86911	3775	-0,187812
3776	-0,151367	3776	-4,53125	3776	-4,86911	3776	-0,209139
3777	-0,141602	3777	-4,60938	3777	-4,86911	3777	0,0797278
3778	-0,136719	3778	-4,5459	3778	-4,86911	3778	-0,197263
3779	-0,141602	3779	-4,53125	3779	-4,86911	3779	-0,251986
3780	-0,15625	3780	-4,54102	3780	-4,86911	3780	-0,208412
3781	-0,175781	3781	-4,52637	3781	-4,86911	3781	-0,261709
3782	-0,151367	3782	-4,53125	3782	-4,86911	3782	-0,235018
3783	-0,141602	3783	-4,53125	3783	-4,86911	3783	-0,230536
3784	-0,161133	3784	-4,5459	3784	-4,86911	3784	-0,172668
3785	-0,141602	3785	-4,53613	3785	-4,86911	3785	-0,213647
3786	-0,151367	3786	-4,53613	3786	-4,86911	3786	-0,212384
3787	-0,151367	3787	-4,53613	3787	-4,86911	3787	-0,211342
3788	-0,15625	3788	-4,5459	3788	-4,86911	3788	-0,174367
3789	-0,15625	3789	-4,52148	3789	-4,86911	3789	-0,269222
3790	-0,161133	3790	-4,53613	3790	-4,86911	3790	-0,205628
3791	-0,136719	3791	-4,53613	3791	-4,86911	3791	-0,205772
3792	-0,146484	3792	-4,54102	3792	-4,86911	3792	-0,187832
3793	-0,141602	3793	-4,5166	3793	-4,86911	3793	-0,280856
3794	-0,15625	3794	-4,54102	3794	-4,86911	3794	-0,179637
3795	-0,161133	3795	-4,52637	3795	-4,86911	3795	-0,237982
3796	-0,146484	3796	-4,53613	3796	-4,86911	3796	-0,197396
3797	-0,151367	3797	-4,5459	3797	-4,86911	3797	-0,162868
3798	-0,136719	3798	-4,3457	3798	-4,86911	3798	-0,909823
3799	-0,112305	3799	-4,52148	3799	-4,86911	3799	-0,157054
3800	-0,146484	3800	-4,53613	3800	-4,86911	3800	-0,113139
3801	-0,136719	3801	-4,53125	3801	-4,86911	3801	-0,147567
3802	-0,146484	3802	-4,52637	3802	-4,86911	3802	-0,176485
3803	-0,146484	3803	-4,53125	3803	-4,86911	3803	-0,164746
3804	-0,141602	3804	-4,54102	3804	-4,86911	3804	-0,136477
3805	-0,151367	3805	-4,53125	3805	-4,86911	3805	-0,184337
3806	-0,151367	3806	-4,54102	3806	-4,86911	3806	-0,152631
3807	-0,161133	3807	-4,53125	3807	-4,86911	3807	-0,197657
3808	-0,15625	3808	-4,5459	3808	-4,86911	3808	-0,145556
3809	-0,146484	3809	-4,53613	3809	-4,86911	3809	-0,191292
3810	-0,151367	3810	-4,5459	3810	-4,86911	3810	-0,157835
3811	-0,151367	3811	-4,53125	3811	-4,86911	3811	-0,219474
3812	-0,141602	3812	-4,55078	3812	-4,86911	3812	-0,145488
3813	-0,161133	3813	-4,52637	3813	-4,86911	3813	-0,244878
3814	-0,161133	3814	-4,63867	3814	-4,86911	3814	0,176132
3815	-0,146484	3815	-4,54102	3815	-4,86911	3815	-0,24099
3816	-0,151367	3816	-4,54102	3816	-4,86911	3816	-0,234399
3817	-0,136719	3817	-4,52637	3817	-4,86911	3817	-0,283137
3818	-0,146484	3818	-4,5459	3818	-4,86911	3818	-0,198513
3819	-0,15625	3819	-4,55078	3819	-4,86911	3819	-0,180785
3820	-0,151367	3820	-4,53613	3820	-4,86911	3820	-0,237867
3821	-0,141602	3821	-4,5459	3821	-4,86911	3821	-0,196239
3822	-0,151367	3822	-4,5459	3822	-4,86911	3822	-0,196967
3823	-0,151367	3823	-4,54102	3823	-4,86911	3823	-0,215626
3824	-0,161133	3824	-4,54102	3824	-4,86911	3824	-0,213484
3825	-0,151367	3825	-4,53613	3825	-4,86911	3825	-0,229776
3826	-0,146484	3826	-4,54102	3826	-4,86911	3826	-0,207625
3827	-0,141602	3827	-4,54102	3827	-4,86911	3827	-0,206887
3828	-0,146484	3828	-4,53613	3828	-4,86911	3828	-0,224336
3829	-0,180664	3829	-4,53125	3829	-4,86911	3829	-0,239255
3830	-0,234375	3830	-4,55566	3830	-4,86911	3830	-0,143741
3831	-0,170898	3831	-4,52637	3831	-4,86911	3831	-0,260965
3832	-0,170898	3832	-4,52637	3832	-4,86911	3832	-0,252462
3833	-0,185547	3833	-4,54102	3833	-4,86911	3833	-0,191278
3834	-0,170898	3834	-4,53125	3834	-4,86911	3834	-0,229523
3835	-0,180664	3835	-4,52637	3835	-4,86911	3835	-0,244064
3836	-0,175781	3836	-4,49707	3836	-4,86911	3836	-0,346873
3837	-0,19043	3837	-4,53613	3837	-4,86911	3837	-0,182023
3838	-0,175781	3838	-4,52637	3838	-4,86911	3838	-0,222423
3839	-0,185547	3839	-4,53125	3839	-4,86911	3839	-0,202625
3840	-0,175781	3840	-4,5459	3840	-4,86911	3840	-0,149653
3841	-0,180664	3841	-4,53613	3841	-4,86911	3841	-0,19467
3842	-0,175781	3842	-4,53125	3842	-4,86911	3842	-0,214794
3843	-0,166016	3843	-4,53125	3843	-4,86911	3843	-0,21386
3844	-0,166016	3844	-4,53125	3844	-4,86911	3844	-0,21309
3845	-0,180664	3845	-4,53613	3845	-4,86911	3845	-0,194398
3846	-0,170898	3846	-4,5459	3846	-4,86911	3846	-0,160396
3847	-0,175781	3847	-4,53613	3847	-4,86911	3847	-0,203528
3848	-0,185547	3848	-4,52637	3848	-4,86911	3848	-0,240156
3849	-0,180664	3849	-4,53613	3849	-4,86911	3849	-0,199188
3850	-0,185547	3850	-4,54102	3850	-4,86911	3850	-0,182404
3851	-0,166016	3851	-4,53125	3851	-4,86911	3851	-0,222206
3852	-0,161133	3852	-4,52637	3852	-4,86911	3852	-0,23803
3853	-0,175781	3853	-4,53613	3853	-4,86911	3853	-0,197435
3854	-0,185547	3854	-4,5166	3854	-4,86911	3854	-0,271248
3855	-0,170898	3855	-4,54102	3855	-4,86911	3855	-0,171714
3856	-0,180664	3856	-4,54102	3856	-4,86911	3856	-0,177276
3857	-0,175781	3857	-4,53125	3857	-4,86911	3857	-0,217978
3858	-0,180664	3858	-4,53613	3858	-4,86911	3858	-0,198428
3859	-0,175781	3859	-4,53613	3859	-4,86911	3859	-0,199835
3860	-0,19043	3860	-4,52148	3860	-4,86911	3860	-0,255168
3861	-0,180664	3861	-4,53613	3861	-4,86911	3861	-0,19404
3862	-0,170898	3862	-4,53125	3862	-4,86911	3862	-0,214274
3863	-0,180664	3863	-4,53613	3863	-4,86911	3863	-0,195374
3864	-0,175781	3864	-4,53613	3864	-4,86911	3864	-0,197317
3865	-0,180664	3865	-4,53125	3865	-4,86911	3865	-0,216976
3866	-0,175781	3866	-4,52148	3866	-4,86911	3866	-0,251775
3867	-0,161133	3867	-4,53613	3867	-4,86911	3867	-0,191243
3868	-0,175781	3868	-4,53613	3868	-4,86911	3868	-0,19391
3869	-0,185547	3869	-4,5166	3869	-4,86911	3869	-0,26834
3870	-0,175781	3870	-4,53613	3870	-4,86911	3870	-0,187375
3871	-0,175781	3871	-4,53613	3871	-4,86911	3871	-0,190721
3872	-0,175781	3872	-4,53613	3872	-4,86911	3872	-0,193479
3873	-0,180664	3873	-4,53613	3873	-4,86911	3873	-0,195754
3874	-0,175781	3874	-4,53613	3874	-4,86911	3874	-0,19763
3875	-0,185547	3875	-4,53613	3875	-4,86911	3875	-0,199176
3876	-0,180664	3876	-4,54102	3876	-4,86911	3876	-0,182394
3877	-0,166016	3877	-4,54102	3877	-4,86911	3877	-0,186082
3878	-0,175781	3878	-4,53613	3878	-4,86911	3878	-0,207182
3879	-0,170898	3879	-4,53125	3879	-4,86911	3879	-0,22511
3880	-0,180664	3880	-4,53125	3880	-4,86911	3880	-0,222367
3881	-0,180664	3881	-4,54102	3881	-4,86911	3881	-0,183989
3882	-0,180664	3882	-4,53613	3882	-4,86911	3882	-0,205456
3883	-0,170898	3883	-4,54102	3883	-4,86911	3883	-0,187571
3884	-0,166016	3884	-4,52637	3884	-4,86911	3884	-0,244525
3885	-0,175781	3885	-4,53125	3885	-4,86911	3885	-0,220849
3886	-0,175781	3886	-4,53125	3886	-4,86911	3886	-0,218853
3887	-0,175781	3887	-4,5459	3887	-4,86911	3887	-0,163034
3888	-0,185547	3888	-4,52637	3888	-4,86911	3888	-0,241819
3889	-0,195313	3889	-4,55078	3889	-4,86911	3889	-0,146386
3890	-0,166016	3890	-4,5459	3890	-4,86911	3890	-0,173388
3891	-0,175781	3891	-4,53125	3891	-4,86911	3891	-0,232299
3892	-0,19043	3892	-4,54102	3892	-4,86911	3892	-0,192178
3893	-0,166016	3893	-4,54102	3893	-4,86911	3893	-0,19415
3894	-0,170898	3894	-4,53125	3894	-4,86911	3894	-0,231892
3895	-0,19043	3895	-4,53125	3895	-4,86911	3895	-0,227959
3896	-0,180664	3896	-4,53125	3896	-4,86911	3896	-0,224716
3897	-0,180664	3897	-4,53613	3897	-4,86911	3897	-0,203984
3898	-0,180664	3898	-4,53613	3898	-4,86911	3898	-0,204416
3899	-0,170898	3899	-4,53125	3899	-4,86911	3899	-0,22283
3900	-0,170898	3900	-4,52637	3900	-4,86911	3900	-0,238544
3901	-0,175781	3901	-4,52148	3901	-4,86911	3901	-0,252033
3902	-0,185547	3902	-4,53613	3902	-4,86911	3902	-0,191455
3903	-0,170898	3903	-4,53613	3903	-4,86911	3903	-0,194085
3904	-0,166016	3904	-4,52637	3904	-4,86911	3904	-0,232369
3905	-0,180664	3905	-4,65332	3905	-4,86911	3905	0,240621
3906	-0,175781	3906	-4,52637	3906	-4,86911	3906	-0,294569
3907	-0,175781	3907	-4,53125	3907	-4,86911	3907	-0,262113
3908	-0,175781	3908	-4,52637	3908	-4,86911	3908	-0,270936
3909	-0,166016	3909	-4,53125	3909	-4,86911	3909	-0,242626
3910	-0,175781	3910	-4,54102	3910	-4,86911	3910	-0,200694
3911	-0,175781	3911	-4,53125	3911	-4,86911	3911	-0,237288
3912	-0,170898	3912	-4,5459	3912	-4,86911	3912	-0,178235
3913	-0,175781	3913	-4,54102	3913	-4,86911	3913	-0,200179
3914	-0,175781	3914	-4,52637	3914	-4,86911	3914	-0,254921
3915	-0,166016	3915	-4,52148	3915	-4,86911	3915	-0,265537
3916	-0,180664	3916	-4,53125	3916	-4,86911	3916	-0,220648
3917	-0,180664	3917	-4,52637	3917	-4,86911	3917	-0,236745
3918	-0,180664	3918	-4,53125	3918	-4,86911	3918	-0,214434
3919	-0,185547	3919	-4,5459	3919	-4,86911	3919	-0,15939
3920	-0,170898	3920	-4,5459	3920	-4,86911	3920	-0,166583
3921	-0,180664	3921	-4,53125	3921	-4,86911	3921	-0,226688
3922	-0,180664	3922	-4,53125	3922	-4,86911	3922	-0,223668
3923	-0,180664	3923	-4,53125	3923	-4,86911	3923	-0,221177
3924	-0,185547	3924	-4,54102	3924	-4,86911	3924	-0,183008
3925	-0,175781	3925	-4,53125	3925	-4,55497	3925	0,939049
3926	-0,19043	3926	-4,5459	3926	-4,55497	3926	0,825897
3927	-0,180664	3927	-4,52148	3927	-4,55497	3927	0,589726
3928	-0,151367	3928	-4,53613	3928	-4,55497	3928	0,536797
3929	-0,180664	3929	-4,51172	3929	-4,55497	3929	0,350283
3930	-0,166016	3930	-4,50195	3930	-4,55497	3930	0,248009
3931	-0,166016	3931	-4,51172	3931	-4,55497	3931	0,234848
3932	-0,166016	3932	-4,5166	3932	-4,34555	3932	0,981501
3933	-0,170898	3933	-4,49707	3933	-4,03141	3933	1,91743
3934	-0,15625	3934	-4,49707	3934	-3,82199	3934	2,40619
3935	-0,166016	3935	-4,50684	3935	-3,19372	3935	4,41711
3936	-0,161133	3936	-4,48731	3936	-2,98429	3936	4,48728
3937	-0,161133	3937	-4,46777	3937	-2,56544	3937	5,34029
3938	-0,0244141	3938	-4,43848	3938	-2,56544	3938	4,50197
3939	-0,0292969	3939	-4,39453	3939	-2,56544	3939	3,75336
3940	0,146484	3940	-4,3457	3940	-1,72775	3940	6,21126
3941	0,322266	3941	-4,29199	3941	-1,51832	3941	5,98219
3942	0,380859	3942	-4,21387	3942	-1,41361	3942	5,33271
3943	0,532227	3943	-4,13574	3943	-1,41361	3943	4,41281
3944	0,625	3944	-4,02832	3944	-0,78534	3944	5,86096
3945	0,712891	3945	-3,90625	3945	-0,680628	3945	5,12127
3946	0,820313	3946	-3,80371	3946	-0,366492	3946	5,35619
3947	0,927734	3947	-3,66211	3947	-0,366492	3947	4,26671
3948	1,02051	3948	-3,51563	3948	-0,052356	3948	4,49665
3949	1,08398	3949	-3,35938	3949	-0,052356	3949	3,50662
3950	1,13281	3950	-3,19336	3950	-0,052356	3950	2,63717
3951	1,19141	3951	-3,02734	3951	-0,052356	3951	1,90219
3952	1,20605	3952	-2,85645	3952	-0,052356	3952	1,26005
3953	1,19629	3953	-2,69043	3953	0,26178	3953	1,89178
3954	1,18164	3954	-2,50488	3954	0,26178	3954	1,19481
3955	1,17676	3955	-2,34375	3955	0,366492	3955	1,07747
3956	1,17188	3956	-2,17773	3956	0,575916	3956	1,34377
3957	1,15234	3957	-2,00684	3957	1,09948	3957	2,71177
3958	1,14746	3958	-1,85059	3958	1,09948	3958	1,99605
3959	1,17676	3959	-1,66992	3959	1,3089	3959	2,07311
3960	1,17676	3960	-1,49902	3960	1,3089	3960	1,4014
3961	1,18652	3961	-1,33789	3961	1,41361	3961	1,2523
3962	1,15723	3962	-1,21094	3962	1,51832	3962	1,24963
3963	1,12793	3963	-1,00586	3963	1,51832	3963	0,568838
3964	1,13281	3964	-0,844727	3964	1,83246	3964	1,30945
3965	1,10352	3965	-0,688477	3965	1,93717	3965	1,18032
3966	1,0791	3966	-0,522461	3966	2,04188	3966	1,03213
3967	1,06445	3967	-0,375977	3967	2,04188	3967	0,588247
3968	1,05957	3968	-0,219727	3968	2,1466	3968	0,557441
3969	1,0498	3969	-0,0634766	3969	2,1466	3969	0,139183
3970	1,04004	3970	0,0830078	3970	2,1466	3970	-0,186576
3971	0,991211	3971	0,234375	3971	2,1466	3971	-0,489176
3972	0,927734	3972	0,385742	3972	2,1466	3972	-0,755153
3973	0,922852	3973	0,517578	3973	2,1466	3973	-0,9187
3974	0,874024	3974	0,664063	3974	2,1466	3974	-1,12207
3975	0,830078	3975	0,78125	3975	2,1466	3975	-1,19734
3976	0,776367	3976	0,90332	3976	2,35602	3976	-0,515717
3977	0,727539	3977	1,01074	3977	2,35602	3977	-0,6645
3978	0,678711	3978	1,11328	3978	2,46073	3978	-0,393556
3979	0,649414	3979	1,22559	3979	2,46073	3979	-0,593277
3980	0,644531	3980	1,32324	3980	2,67016	3980	0,0585008
3981	0,576172	3981	1,40625	3981	2,67016	3981	-0,112239
3982	0,551758	3982	1,49414	3982	2,67016	3982	-0,280112
3983	0,532227	3983	1,59668	3983	2,67016	3983	-0,482267
3984	0,512695	3984	1,6748	3984	2,67016	3984	-0,56982
3985	0,483398	3985	1,7627	3985	2,67016	3985	-0,686626
3986	0,463867	3986	1,83594	3986	2,67016	3986	-0,738327
3987	0,429688	3987	1,90918	3987	2,67016	3987	-0,788924
3988	0,385742	3988	1,98242	3988	2,67016	3988	-0,838611
3989	0,380859	3989	2,03613	3989	2,67016	3989	-0,815316
3990	0,336914	3990	1,94824	3990	2,67016	3990	-0,278273
3991	0,292969	3991	2,16797	3991	2,67016	3991	-0,963532
3992	0,273438	3992	2,22168	3992	2,67016	3992	-0,938504
3993	0,239258	3993	2,28027	3993	2,67016	3993	-0,941766
3994	0,170898	3994	2,3291	3994	2,67016	3994	-0,914714
3995	0,205078	3995	2,36328	3995	2,67016	3995	-0,843546
3996	0,170898	3996	2,40234	3996	2,67016	3996	-0,806638
3997	0,131836	3997	2,43652	3997	2,67016	3997	-0,762397
3998	0,0830078	3998	2,4707	3998	2,67016	3998	-0,729636
3999	0,0830078	3999	2,5	3999	2,67016	3999	-0,688281
4000	0,0488281	4000	2,52441	4000	2,67016	4000	-0,639311
4001	0,0488281	4001	2,54883	4001	2,67016	4001	-0,601588
4002	0,0146484	4002	2,56836	4002	2,67016	4002	-0,55508
4003	0,0244141	4003	2,58789	4003	2,67016	4003	-0,518857
4004	0,0146484	4004	2,6123	4004	2,67016	4004	-0,50917
4005	-0,0292969	4005	2,61719	4005	2,67016	4005	-0,431607
4006	-0,0292969	4006	2,62207	4006	2,67016	4006	-0,368183
4007	-0,0292969	4007	2,6416	4007	2,67016	4007	-0,37059
4008	-0,0292969	4008	2,6416	4008	2,67016	4008	-0,302468
4009	-0,0341797	4009	2,66113	4009	2,67016	4009	-0,318529
4010	-0,0878906	4010	2,66602	4010	2,67016	4010	-0,279723
4011	-0,078125	4011	2,6709	4011	2,67016	4011	-0,248256
4012	-0,0927734	4012	2,6709	4012	2,67016	4012	-0,204783
4013	-0,0927734	4013	2,6709	4013	2,67016	4013	-0,168937
4014	-0,107422	4014	2,68555	4014	2,67016	4014	-0,193553
4015	-0,0878906	4015	2,68066	4015	2,67016	4015	-0,143213
4016	-0,0878906	4016	2,69043	4016	2,67016	4016	-0,155346
4017	-0,0878906	4017	2,69531	4017	2,67016	4017	-0,148355
4018	-0,078125	4018	2,69531	4018	2,67016	4018	-0,125064
4019	-0,0878906	4019	2,69043	4019	2,67016	4019	-0,0878017
4020	-0,0927734	4020	2,69531	4020	2,67016	4020	-0,0926609
4021	-0,0878906	4021	2,69531	4021	2,67016	4021	-0,0791408
4022	-0,0830078	4022	2,7002	4022	2,67016	4022	-0,0860506
4023	-0,0878906	4023	2,7002	4023	2,67016	4023	-0,0742213
4024	-0,0878906	4024	2,69043	4024	2,67016	4024	-0,0283517
4025	-0,0878906	4025	2,69531	4025	2,67016	4025	-0,0436407
4026	-0,078125	4026	2,69043	4026	2,67016	4026	-0,0206629
4027	-0,0878906	4027	2,69531	4027	2,67016	4027	-0,0373008
4028	-0,0927734	4028	2,69043	4028	2,67016	4028	-0,0154352
4029	-0,0878906	4029	2,69043	4029	2,67016	4029	-0,0149324
4030	-0,0878906	4030	2,69043	4030	2,67016	4030	-0,0145178
4031	-0,0878906	4031	2,69531	4031	2,67016	4031	-0,0322338
4032	-0,0830078	4032	2,69531	4032	2,67016	4032	-0,029315
4033	-0,0927734	4033	2,69531	4033	2,67016	4033	-0,0269083
4034	-0,0830078	4034	2,69043	4034	2,67016	4034	-0,00686592
4035	-0,0878906	4035	2,69531	4035	2,67016	4035	-0,0259243
4036	-0,0927734	4036	2,69531	4036	2,67016	4036	-0,0241125
4037	-0,0878906	4037	2,69043	4037	2,67016	4037	-0,00456061
4038	-0,0927734	4038	2,69531	4038	2,67016	4038	-0,0240235
4039	-0,0830078	4039	2,69531	4039	2,67016	4039	-0,0225451
4040	-0,0878906	4040	2,69531	4040	2,67016	4040	-0,0213261
4041	-0,0878906	4041	2,69531	4041	2,67016	4041	-0,0203209
4042	-0,0878906	4042	2,69043	4042	2,67016	4042	-0,00143422
4043	-0,0878906	4043	2,69531	4043	2,67016	4043	-0,0214456
4044	-0,078125	4044	2,69531	4044	2,67016	4044	-0,0204194
4045	-0,0878906	4045	2,69531	4045	2,67016	4045	-0,0195733
4046	-0,0878906	4046	2,69531	4046	2,67016	4046	-0,0188757
4047	-0,0878906	4047	2,69043	4047	2,67016	4047	-0,000242548
4048	-0,0878906	4048	2,7002	4048	2,67016	4048	-0,0385208
4049	-0,0927734	4049	2,69043	4049	2,67016	4049	0,00108555
4050	-0,0830078	4050	2,69043	4050	2,67016	4050	-0,00131003
4051	-0,0927734	4051	2,69531	4051	2,67016	4051	-0,0213432
4052	-0,0927734	4052	2,69043	4052	2,67016	4052	-0,00227717
4053	-0,0927734	4053	2,69531	4053	2,67016	4053	-0,0221406
4054	-0,0878906	4054	2,69531	4054	2,67016	4054	-0,0209926
4055	-0,0830078	4055	2,69531	4055	2,67016	4055	-0,0200459
4056	-0,0878906	4056	2,69531	4056	2,67016	4056	-0,0192653
4057	-0,0830078	4057	2,69043	4057	2,67016	4057	-0,00056385
4058	-0,0878906	4058	2,70996	4058	2,67016	4058	-0,0749014
4059	-0,0927734	4059	2,69531	4059	2,67016	4059	-0,0119169
4060	-0,0878906	4060	2,69043	4060	2,67016	4060	0,00549539
4061	-0,0927734	4061	2,7002	4061	2,67016	4061	-0,0337895
4062	-0,0488281	4062	2,69043	4062	2,67016	4062	0,00498678
4063	-0,0927734	4063	2,69043	4063	2,67016	4063	0,00190677
4064	-0,0878906	4064	2,69531	4064	2,67016	4064	-0,0186907
4065	-0,0927734	4065	2,69043	4065	2,67016	4065	-9,01E-05
4066	-0,0878906	4066	2,69531	4066	2,67016	4066	-0,0203372
4067	-0,0830078	4067	2,69531	4067	2,67016	4067	-0,0195055
4068	-0,0927734	4068	2,69043	4068	2,67016	4068	-0,000761925
4069	-0,0927734	4069	2,69531	4069	2,67016	4069	-0,0208912
4070	-0,0830078	4070	2,69531	4070	2,67016	4070	-0,0199623
4071	-0,0927734	4071	2,69531	4071	2,67016	4071	-0,0191964
4072	-0,0927734	4072	2,69043	4072	2,67016	4072	-0,00050704
4073	-0,0927734	4073	2,69043	4073	2,67016	4073	-0,00262322
4074	-0,0878906	4074	2,69531	4074	2,67016	4074	-0,022426
4075	-0,0878906	4075	2,68555	4075	2,67016	4075	0,0148878
4076	-0,0878906	4076	2,73438	4076	2,67016	4076	-0,169977
4077	-0,0878906	4077	2,70996	4077	2,67016	4077	-0,056852
4078	-0,0878906	4078	2,69043	4078	2,67016	4078	0,0210238
4079	-0,0927734	4079	2,69531	4079	2,67016	4079	-0,00292755
4080	-0,078125	4080	2,69531	4080	2,67016	4080	-0,00515019
4081	-0,0878906	4081	2,69531	4081	2,67016	4081	-0,0069829
4082	-0,0927734	4082	2,69043	4082	2,67016	4082	0,00956377
4083	-0,0927734	4083	2,69531	4083	2,67016	4083	-0,0123771
4084	-0,0878906	4084	2,69043	4084	2,67016	4084	0,00511595
4085	-0,0878906	4085	2,69531	4085	2,67016	4085	-0,0160446
4086	-0,0927734	4086	2,7002	4086	2,67016	4086	-0,0340238
4087	-0,0830078	4087	2,68066	4087	2,67016	4087	0,0409093
4088	-0,0878906	4088	2,69043	4088	2,67016	4088	-0,00352638
4089	-0,0878906	4089	2,69043	4089	2,67016	4089	-0,00511285
4090	-0,0878906	4090	2,69043	4090	2,67016	4090	-0,00642099
4091	-0,0878906	4091	2,7002	4091	2,67016	4091	-0,0436153
4092	-0,0927734	4092	2,69531	4092	2,67016	4092	-0,021173
4093	-0,0878906	4093	2,69531	4093	2,67016	4093	-0,0201947
4094	-0,0927734	4094	2,69531	4094	2,67016	4094	-0,019388
4095	-0,0878906	4095	2,69043	4095	2,67016	4095	-0,000665022
4096	-0,0878906	4096	2,69531	4096	2,67016	4096	-0,0208113
4097	-0,0878906	4097	2,68555	4097	2,67016	4097	0,0162192
4098	-0,0927734	4098	2,69043	4098	2,67016	4098	-0,00635812
4099	-0,0927734	4099	2,69531	4099	2,67016	4099	-0,0255056
4100	-0,0830078	4100	2,69531	4100	2,67016	4100	-0,0237672
4101	-0,0927734	4101	2,69531	4101	2,67016	4101	-0,0223338
4102	-0,0878906	4102	2,67578	4102	2,67016	4102	0,0510796
4103	-0,0927734	4103	2,69531	4103	2,67016	4103	-0,0307249
4104	-0,0927734	4104	2,69531	4104	2,67016	4104	-0,0280708
4105	-0,0878906	4105	2,69531	4105	2,67016	4105	-0,0258824
4106	-0,0927734	4106	2,69531	4106	2,67016	4106	-0,0240779
4107	-0,0878906	4107	2,69043	4107	2,67016	4107	-0,00453208
4108	-0,0878906	4108	2,69531	4108	2,67016	4108	-0,024
4109	-0,0878906	4109	2,69043	4109	2,67016	4109	-0,00446784
4110	-0,0830078	4110	2,69531	4110	2,67016	4110	-0,023947
4111	-0,0927734	4111	2,69531	4111	2,67016	4111	-0,022482
4112	-0,0878906	4112	2,69531	4112	2,67016	4112	-0,021274
4113	-0,107422	4113	2,69043	4113	2,67016	4113	-0,00222016
4114	-0,0927734	4114	2,7002	4114	2,67016	4114	-0,0401515
4115	-0,0830078	4115	2,69043	4115	2,67016	4115	-0,000259033
4116	-0,0878906	4116	2,7002	4116	2,67016	4116	-0,0385344
4117	-0,0878906	4117	2,69043	4117	2,67016	4117	0,00107434
4118	-0,0878906	4118	2,69531	4118	2,67016	4118	-0,0193771
4119	-0,0927734	4119	2,69043	4119	2,67016	4119	-0,000656028
4120	-0,0878906	4120	2,69531	4120	2,67016	4120	-0,0208039
4121	-0,0830078	4121	2,69531	4121	2,67016	4121	-0,0198903
4122	-0,0878906	4122	2,69531	4122	2,67016	4122	-0,0191371
4123	-0,0878906	4123	2,69531	4123	2,67016	4123	-0,0185159
4124	-0,0927734	4124	2,69531	4124	2,67016	4124	-0,0180038
4125	-0,0830078	4125	2,69531	4125	2,67016	4125	-0,0175815
4126	-0,0927734	4126	2,69531	4126	2,67016	4126	-0,0172332
4127	-0,0927734	4127	2,69531	4127	2,67016	4127	-0,0169461
4128	-0,0878906	4128	2,69043	4128	2,67016	4128	0,00134849
4129	-0,0927734	4129	2,69531	4129	2,67016	4129	-0,0191511
4130	-0,0878906	4130	2,69531	4130	2,67016	4130	-0,0185275
4131	-0,0878906	4131	2,69531	4131	2,67016	4131	-0,0180133
4132	-0,0976563	4132	2,69043	4132	2,67016	4132	0,000468531
4133	-0,0927734	4133	2,69043	4133	2,67016	4133	-0,0018188
4134	-0,0830078	4134	2,69531	4134	2,67016	4134	-0,0217627
4135	-0,0927734	4135	2,69043	4135	2,67016	4135	-0,00262308
4136	-0,0927734	4136	2,69531	4136	2,67016	4136	-0,0224259
4137	-0,0830078	4137	2,69531	4137	2,67016	4137	-0,0212278
4138	-0,0878906	4138	2,69043	4138	2,67016	4138	-0,00218199
4139	-0,0927734	4139	2,69531	4139	2,67016	4139	-0,0220622
4140	-0,0927734	4140	2,69043	4140	2,67016	4140	-0,00287001
4141	-0,0927734	4141	2,69531	4141	2,67016	4141	-0,0226295
4142	-0,0878906	4142	2,69531	4142	2,67016	4142	-0,0213956
4143	-0,0878906	4143	2,70508	4143	2,67016	4143	-0,0564939
4144	-0,0927734	4144	2,69531	4144	2,67016	4144	-0,0142655
4145	-0,0878906	4145	2,69043	4145	2,67016	4145	0,0035588
4146	-0,0927734	4146	2,69531	4146	2,67016	4146	-0,0173285
4147	-0,0830078	4147	2,69531	4147	2,67016	4147	-0,0170247
4148	-0,0927734	4148	2,69043	4148	2,67016	4148	0,0012837
4149	-0,0878906	4149	2,69531	4149	2,67016	4149	-0,0192045
4150	-0,0878906	4150	2,69043	4150	2,67016	4150	-0,000513685
4151	-0,0878906	4151	2,69531	4151	2,67016	4151	-0,0206865
4152	-0,0927734	4152	2,69531	4152	2,67016	4152	-0,0197936
4153	-0,0878906	4153	2,68555	4153	2,67016	4153	0,0170584
4154	-0,0927734	4154	2,69531	4154	2,67016	4154	-0,023724
4155	-0,0878906	4155	2,69531	4155	2,67016	4155	-0,0222981
4156	-0,0927734	4156	2,69531	4156	2,67016	4156	-0,0211224
4157	-0,0878906	4157	2,69043	4157	2,67016	4157	-0,00209514
4158	-0,161133	4158	2,69531	4158	2,67016	4158	-0,0219905
4159	-0,170898	4159	2,69043	4159	2,67016	4159	-0,00281096
4160	-0,170898	4160	2,69043	4160	2,67016	4160	-0,00452295
4161	-0,166016	4161	2,7002	4161	2,67016	4161	-0,0420503
4162	-0,170898	4162	2,69043	4162	2,67016	4162	-0,0018247
4163	-0,166016	4163	2,7002	4163	2,67016	4163	-0,0398254
4164	-0,166016	4164	2,69531	4164	2,67016	4164	-0,018048
4165	-0,161133	4165	2,69043	4165	2,67016	4165	0,000439908
4166	-0,170898	4166	2,69043	4166	2,67016	4166	-0,0018424
4167	-0,161133	4167	2,69531	4167	2,67016	4167	-0,0217822
4168	-0,166016	4168	2,69531	4168	2,67016	4168	-0,020697
4169	-0,141602	4169	2,69043	4169	2,67016	4169	-0,00174433
4170	-0,166016	4170	2,69531	4170	2,67016	4170	-0,0217013
4171	-0,161133	4171	2,7002	4171	2,67016	4171	-0,0386881
4172	-0,166016	4172	2,69043	4172	2,67016	4172	0,000947587
4173	-0,170898	4173	2,69531	4173	2,67016	4173	-0,0194816
4174	-0,12207	4174	2,69531	4174	2,67016	4174	-0,0188
4175	-0,166016	4175	2,69043	4175	2,67016	4175	-0,0001802
4176	-0,166016	4176	2,69531	4176	2,67016	4176	-0,0204116
4177	-0,166016	4177	2,69043	4177	2,67016	4177	-0,00150899
4178	-0,170898	4178	2,7002	4178	2,67016	4178	-0,0395651
4179	-0,15625	4179	2,69043	4179	2,67016	4179	0,000224491
4180	-0,166016	4180	2,69531	4180	2,67016	4180	-0,0200779
4181	-0,170898	4181	2,69531	4181	2,67016	4181	-0,0192917
4182	-0,170898	4182	2,69531	4182	2,67016	4182	-0,0186434
4183	-0,166016	4183	2,69043	4183	2,67016	4183	-5,11E-05
4184	-0,161133	4184	2,69531	4184	2,67016	4184	-0,0203051
4185	-0,170898	4185	2,69531	4185	2,67016	4185	-0,019479
4186	-0,170898	4186	2,69531	4186	2,67016	4186	-0,0187979
4187	-0,166016	4187	2,69531	4187	2,67016	4187	-0,0182363
4188	-0,170898	4188	2,69531	4188	2,67016	4188	-0,0177732
4189	-0,166016	4189	2,69043	4189	2,67016	4189	0,000666523
4190	-0,166016	4190	2,7002	4190	2,67016	4190	-0,0377712
4191	-0,166016	4191	2,69043	4191	2,67016	4191	0,00170363
4192	-0,170898	4192	2,69043	4192	2,67016	4192	-0,00080039
4193	-0,170898	4193	2,69531	4193	2,67016	4193	-0,0209229
