Amostra - Velocidade C/AI0+	Amplitude - Velocidade C/AI0+	Amostra - Set-point	Amplitude - Set-point	Amostra - Esf controle	Amplitude - Esf controle
2206	0,146484	2206	0	2206	-6,2479
2207	0,0878906	2207	0	2207	-3,71656
2208	0,0634766	2208	0	2208	-2,57786
2209	0,0634766	2209	0	2209	-2,38909
2210	0,0488281	2210	0	2210	-1,72431
2211	-0,15625	2211	0	2211	5,51859
2212	-0,268555	2212	0	2212	9,11686
2213	-0,268555	2213	0	2213	8,64357
2214	-0,263672	2214	0	2214	8,08623
2215	-0,136719	2215	0	2215	3,35588
2216	0,253906	2216	0	2216	-10
2217	0,317383	2217	0	2217	-10
2218	0,263672	2218	0	2218	-9,12243
2219	0,258789	2219	0	2219	-8,45649
2220	0,263672	2220	0	2220	-8,23032
2221	-0,302734	2221	0	2221	10
2222	-0,400391	2222	0	2222	10
2223	-0,449219	2223	0	2223	10
2224	-0,454102	2224	0	2224	10
2225	-0,0244141	2225	0	2225	-0,987645
2226	0,166016	2226	0	2226	-7,33479
2227	0,258789	2227	0	2227	-9,96545
2228	0,185547	2228	0	2228	-6,74313
2229	0,19043	2229	0	2229	-6,50548
2230	0,19043	2230	0	2230	-6,16246
2231	0,19043	2231	0	2231	-5,88181
2232	-0,288086	2232	0	2232	10
2233	-0,493164	2233	0	2233	10
2234	-0,561523	2234	0	2234	10
2235	-0,561523	2235	0	2235	10
2236	-0,556641	2236	0	2236	10
2237	-0,0439453	2237	0	2237	-1,55574
2238	0,424805	2238	0	2238	-10
2239	0,444336	2239	0	2239	-10
2240	0,395508	2240	0	2240	-10
2241	0,258789	2241	0	2241	-8,43758
2242	0,258789	2242	0	2242	-8,04474
2243	-0,371094	2243	0	2243	10
2244	-0,424805	2244	0	2244	10
2245	-0,541992	2245	0	2245	10
2246	-0,537109	2246	0	2246	10
2247	-0,541992	2247	0	2247	10
2248	-0,317383	2248	0	2248	8,17663
2249	0,288086	2249	0	2249	-10
2250	0,410156	2250	0	2250	-10
2251	0,34668	2251	0	2251	-10
2252	0,34668	2252	0	2252	-10
2253	0,131836	2253	0	2253	-3,87794
2254	0,126953	2254	0	2254	-3,58414
2255	-0,332031	2255	0	2255	10
2256	-0,46875	2256	0	2256	10
2257	-0,46875	2257	0	2257	10
2258	-0,46875	2258	0	2258	10
2259	-0,0292969	2259	0	2259	-1,1562
2260	0,151367	2260	0	2260	-7,11094
2261	0,317383	2261	0	2261	-10
2262	0,244141	2262	0	2262	-8,88656
2263	0,244141	2263	0	2263	-8,34749
2264	0,244141	2264	0	2264	-7,90642
2265	-0,307617	2265	0	2265	10
2266	-0,449219	2266	0	2266	10
2267	-0,444336	2267	0	2267	10
2268	-0,454102	2268	0	2268	10
2269	-0,0439453	2269	0	2269	-0,515128
2270	0,00976563	2270	0	2270	-2,0989
2271	0,268555	2271	0	2271	-10
2272	0,234375	2272	0	2272	-8,81052
2273	0,234375	2273	0	2273	-8,2422
2274	0,229492	2274	0	2274	-7,6071
2275	-0,292969	2275	0	2275	10
2276	-0,327148	2276	0	2276	10
2277	-0,473633	2277	0	2277	10
2278	-0,512695	2278	0	2278	10
2279	-0,0244141	2279	0	2279	-1,27177
2280	0,117188	2280	0	2280	-5,86613
2281	0,102539	2281	0	2281	-4,80602
2282	0,175781	2282	0	2282	-6,93608
2283	0,180664	2283	0	2283	-6,62028
2284	0,180664	2284	0	2284	-6,21332
2285	-0,283203	2285	0	2285	10
2286	-0,27832	2286	0	2286	9,48998
2287	-0,424805	2287	0	2287	10
2288	-0,429688	2288	0	2288	10
2289	-0,419922	2289	0	2289	10
2290	-0,0537109	2290	0	2290	-0,546469
2291	0,292969	2291	0	2291	-10
2292	0,473633	2292	0	2292	-10
2293	0,429688	2293	0	2293	-10
2294	0,283203	2294	0	2294	-9,05655
2295	0,273438	2295	0	2295	-8,31861
2296	0,268555	2296	0	2296	-7,84188
2297	-0,302734	2297	0	2297	10
2298	-0,454102	2298	0	2298	10
2299	-0,512695	2299	0	2299	10
2300	-0,507813	2300	0	2300	10
2301	-0,517578	2301	0	2301	10
2302	-0,0488281	2302	4	2302	10
2303	0,283203	2303	4	2303	10
2304	0,541992	2304	4	2304	10
2305	0,742188	2305	4	2305	10
2306	0,932617	2306	4	2306	10
2307	1,07422	2307	4	2307	10
2308	1,25977	2308	4	2308	10
2309	1,4209	2309	4	2309	10
2310	1,59668	2310	4	2310	10
2311	1,77734	2311	4	2311	10
2312	1,91895	2312	4	2312	10
2313	2,10938	2313	4	2313	10
2314	2,28027	2314	4	2314	10
2315	2,39746	2315	4	2315	10
2316	2,53418	2316	4	2316	10
2317	2,64648	2317	4	2317	10
2318	2,80273	2318	4	2318	10
2319	2,91992	2319	4	2319	10
2320	3,0957	2320	4	2320	10
2321	3,18848	2321	4	2321	10
2322	3,3252	2322	4	2322	9,11099
2323	3,47656	2323	4	2323	5,15685
2324	3,50586	2324	4	2324	5,50693
2325	3,54004	2325	4	2325	5,49404
2326	3,56934	2326	4	2326	5,50287
2327	3,66699	2327	4	2327	2,99933
2328	3,59375	2328	4	2328	6,47425
2329	3,59863	2329	4	2329	6,91856
2330	3,64746	2330	4	2330	5,72954
2331	3,74512	2331	4	2331	2,84026
2332	3,71582	2332	4	2332	4,46855
2333	3,67676	2333	4	2333	6,27022
2334	3,73535	2334	4	2334	4,51433
2335	3,74512	2335	4	2335	4,52041
2336	3,70606	2336	4	2336	6,18345
2337	3,70606	2337	4	2337	6,35548
2338	3,80371	2338	4	2338	3,09399
2339	3,76953	2339	4	2339	4,58787
2340	3,73535	2340	4	2340	5,96086
2341	3,78418	2341	4	2341	4,34304
2342	3,7793	2342	4	2342	4,67528
2343	3,74023	2343	4	2343	6,15942
2344	3,75977	2344	4	2344	5,50464
2345	3,79395	2345	4	2345	4,37245
2346	3,79883	2346	4	2346	4,31604
2347	3,81348	2347	4	2347	3,90814
2348	3,85254	2348	4	2348	2,65923
2349	3,86231	2349	4	2349	2,48581
2350	3,76465	2350	4	2350	6,04333
2351	3,70117	2351	4	2351	8,1939
2352	3,73535	2352	4	2352	6,83114
2353	3,7793	2353	4	2353	5,22521
2354	3,88184	2354	4	2354	1,67611
2355	3,85254	2355	4	2355	2,91314
2356	3,73047	2356	4	2356	7,28658
2357	3,77441	2357	4	2357	5,61937
2358	3,80859	2358	4	2358	4,40171
2359	3,85254	2359	4	2359	2,91449
2360	3,82813	2360	4	2360	3,88545
2361	3,78906	2361	4	2361	5,29787
2362	3,79883	2362	4	2362	4,92463
2363	3,73047	2363	4	2363	7,29798
2364	3,81836	2364	4	2364	4,09768
2365	3,86719	2365	4	2365	2,45256
2366	3,91602	2366	4	2366	0,891218
2367	3,80371	2367	4	2367	5,01213
2368	3,7207	2368	4	2368	7,85838
2369	3,7793	2369	4	2369	5,61993
2370	3,82324	2370	4	2370	4,04041
2371	3,83789	2371	4	2371	3,57496
2372	3,81348	2372	4	2372	4,49043
2373	3,85254	2373	4	2373	3,13565
2374	3,82813	2374	4	2374	4,0664
2375	3,75977	2375	4	2375	6,46659
2376	3,76465	2376	4	2376	6,18017
2377	3,86719	2377	4	2377	2,52204
2378	3,82324	2378	4	2378	4,1802
2379	3,7793	2379	4	2379	5,73067
2380	3,78906	2380	4	2380	5,32181
2381	3,80859	2381	4	2381	4,60399
2382	3,80859	2382	4	2382	4,611
2383	3,81836	2383	4	2383	4,27651
2384	3,80371	2384	4	2384	4,81033
2385	3,82324	2385	4	2385	4,12091
2386	3,78906	2386	4	2386	5,34194
2387	3,82813	2387	4	2387	3,94001
2388	3,80859	2388	4	2388	4,66206
2389	3,75977	2389	4	2389	6,35964
2390	3,78418	2390	4	2390	5,41221
2391	3,85742	2391	4	2391	2,82825
2392	3,82324	2392	4	2392	4,13358
2393	3,80859	2393	4	2393	4,67186
2394	3,81836	2394	4	2394	4,3263
2395	3,87207	2395	4	2395	2,4695
2396	3,78906	2396	4	2396	5,47658
2397	3,75977	2397	4	2397	6,43174
2398	3,81836	2398	4	2398	4,28042
2399	3,83301	2399	4	2399	3,79286
2400	3,84277	2400	4	2400	3,49946
2401	3,78418	2401	4	2401	5,59791
2402	3,69629	2402	4	2402	8,59389
2403	3,78906	2403	4	2403	5,1386
2404	3,86719	2404	4	2404	2,41274
2405	3,85742	2405	4	2405	2,89999
2406	3,81348	2406	4	2406	4,5325
2407	3,80371	2407	4	2407	4,8712
2408	3,78906	2408	4	2408	5,36149
2409	3,7207	2409	4	2409	7,69848
2410	3,81836	2410	4	2410	4,12821
2411	3,87695	2411	4	2411	2,13731
2412	3,85254	2412	4	2412	3,14191
2413	3,79395	2413	4	2413	5,2623
2414	3,76953	2414	4	2414	6,06478
2415	3,82813	2415	4	2415	3,93711
2416	3,84277	2416	4	2416	3,4689
2417	3,79883	2417	4	2417	5,06257
2418	3,79395	2418	4	2418	5,19938
2419	3,84766	2419	4	2419	3,2915
2420	3,83789	2420	4	2420	3,70511
2421	3,78906	2421	4	2421	5,44748
2422	3,77441	2422	4	2422	5,89759
2423	3,7793	2423	4	2423	5,65002
2424	3,81348	2424	4	2424	4,40526
2425	3,81348	2425	4	2425	4,42687
2426	3,83789	2426	4	2426	3,59399
2427	3,82813	2427	4	2427	3,99566
2428	3,79883	2428	4	2428	5,04782
2429	3,79883	2429	4	2429	5,0172
2430	3,86719	2430	4	2430	2,61058
2431	3,77441	2431	4	2431	5,95376
2432	3,75488	2432	4	2432	6,54654
2433	3,81836	2433	4	2433	4,22577
2434	3,81836	2434	4	2434	4,25848
2435	3,78906	2435	4	2435	5,30592
2436	3,82324	2436	4	2436	4,08065
2437	3,82813	2437	4	2437	3,9481
2438	3,80859	2438	4	2438	4,66868
2439	3,80859	2439	4	2439	4,66393
2440	3,79395	2440	4	2440	5,17038
2441	3,80371	2441	4	2441	4,79879
2442	3,78418	2442	4	2442	5,47236
2443	3,80371	2443	4	2443	4,7487
2444	3,87207	2444	4	2444	2,36936
2445	3,81836	2445	4	2445	4,37397
2446	3,78906	2446	4	2446	5,40041
2447	3,79883	2447	4	2447	5,00853
2448	3,86719	2448	4	2448	2,60348
2449	3,83301	2449	4	2449	3,90661
2450	3,76465	2450	4	2450	6,31432
2451	3,76465	2451	4	2451	6,20416
2452	3,80859	2452	4	2452	4,58302
2453	3,83789	2453	4	2453	3,57317
2454	3,81348	2454	4	2454	4,48896
2455	3,71582	2455	4	2455	7,8976
2456	3,78418	2456	4	2456	5,33333
2457	3,84277	2457	4	2457	3,27405
2458	3,85254	2458	4	2458	3,03191
2459	3,81348	2459	4	2459	4,49186
2460	3,78906	2460	4	2460	5,34828
2461	3,82813	2461	4	2461	3,9452
2462	3,85742	2462	4	2462	2,96519
2463	3,78418	2463	4	2463	5,60651
2464	3,77441	2464	4	2464	5,87914
2465	3,84766	2465	4	2465	3,25335
2466	3,84766	2466	4	2466	3,33367
2467	3,79395	2467	4	2467	5,27062
2468	3,77441	2468	4	2468	5,90147
2469	3,7793	2469	4	2469	5,6532
2470	3,81348	2470	4	2470	4,40785
2471	3,81348	2471	4	2471	4,42899
2472	3,83301	2472	4	2472	3,76584
2473	3,82324	2473	4	2473	4,1578
2474	3,79883	2474	4	2474	5,0319
2475	3,79883	2475	4	2475	5,00417
2476	3,86719	2476	4	2476	2,59992
2477	3,78906	2477	4	2477	5,4347
2478	3,75977	2478	4	2478	6,39748
2479	3,82813	2479	4	2479	3,91216
2480	3,82324	2480	4	2480	4,12894
2481	3,83301	2481	4	2481	3,8175
2482	3,80859	2482	4	2482	4,7104
2483	3,78418	2483	4	2483	5,54863
2484	3,78906	2484	4	2484	5,32144
2485	3,80859	2485	4	2485	4,60369
2486	3,82813	2486	4	2486	3,93031
2487	3,81836	2487	4	2487	4,3139
2488	3,7793	2488	4	2488	5,69148
2489	3,78906	2489	4	2489	5,28974
2490	3,86719	2490	4	2490	2,53641
2491	3,84277	2491	4	2491	3,5115
2492	3,79395	2492	4	2492	5,26754
2493	3,79395	2493	4	2493	5,2185
2494	3,85742	2494	4	2494	2,96693
2495	3,81348	2495	4	2495	4,58726
2496	3,75488	2496	4	2496	6,61713
2497	3,76953	2497	4	2497	5,98464
2498	3,78418	2498	4	2498	5,40255
2499	3,82324	2499	4	2499	4,01114
2500	3,83789	2500	4	2500	3,551
2501	3,75	2501	4	2501	6,68229
2502	3,80859	2502	4	2502	4,52848
2503	3,82813	2503	4	2503	3,86877
2504	3,86231	2504	4	2504	2,73254
2505	3,81836	2505	4	2505	4,37396
2506	3,76465	2506	4	2506	6,25096
2507	3,79395	2507	4	2507	5,13165
2508	3,74512	2508	4	2508	6,80844
2509	3,83301	2509	4	2509	3,63255
2510	3,87207	2510	4	2510	2,34763
2511	3,9209	2511	4	2511	0,783829
2512	3,78418	2512	4	2512	5,7533
2513	3,7207	2513	4	2513	7,87047
2514	3,7793	2514	4	2514	5,62982
2515	3,82813	2515	4	2515	3,8784
2516	3,84766	2516	4	2516	3,25075
2517	3,80859	2517	4	2517	4,69244
2518	3,85742	2518	4	2518	2,98224
2519	3,83301	2519	4	2519	3,91935
2520	3,76953	2520	4	2520	6,15463
2521	3,75977	2521	4	2521	6,3922
2522	3,85254	2522	4	2522	3,05728
2523	3,80371	2523	4	2523	4,85283
2524	3,79883	2524	4	2524	5,00625
2525	3,82324	2525	4	2525	4,13262
2526	3,81348	2526	4	2526	4,50096
2527	3,81836	2527	4	2527	4,33506
2528	3,80371	2528	4	2528	4,85824
2529	3,79395	2529	4	2529	5,18078
2530	3,78906	2530	4	2530	5,31763
2531	3,78906	2531	4	2531	5,28102
2532	3,85742	2532	4	2532	2,8695
2533	3,83301	2533	4	2533	3,8271
2534	3,76953	2534	4	2534	6,07916
2535	3,77441	2535	4	2535	5,82011
2536	3,80859	2536	4	2536	4,56595
2537	3,82813	2537	4	2537	3,89943
2538	3,83301	2538	4	2538	3,7783
2539	3,83789	2539	4	2539	3,65766
2540	3,80859	2540	4	2540	4,7282
2541	3,76953	2541	4	2541	6,07353
2542	3,7793	2542	4	2542	5,64539
2543	3,85742	2543	4	2543	2,87046
2544	3,85254	2544	4	2544	3,14744
2545	3,83301	2545	4	2545	3,90593
2546	3,79883	2546	4	2546	5,12298
2547	3,83789	2547	4	2547	3,71779
2548	3,78906	2548	4	2548	5,45786
2549	3,75488	2549	4	2549	6,58654
2550	3,7793	2550	4	2550	5,61939
2551	3,79883	2551	4	2551	4,89053
2552	3,83301	2552	4	2552	3,69772
2553	3,83789	2553	4	2553	3,59173
2554	3,74023	2554	4	2554	7,05584
2555	3,80859	2555	4	2555	4,53695
2556	3,86231	2556	4	2556	2,68491
2557	3,84277	2557	4	2557	3,48443
2558	3,80859	2558	4	2558	4,73505
2559	3,7793	2559	4	2559	5,73891
2560	3,83301	2560	4	2560	3,79753
2561	3,74512	2561	4	2561	6,90553
2562	3,82324	2562	4	2562	4,05221
2563	3,86719	2563	4	2563	2,56394
2564	3,91602	2564	4	2564	0,982344
2565	3,78906	2565	4	2565	5,59703
2566	3,7207	2566	4	2566	7,89119
2567	3,79883	2567	4	2567	4,96633
2568	3,84766	2568	4	2568	3,2494
2569	3,84277	2569	4	2569	3,50055
2570	3,79883	2570	4	2570	5,08846
2571	3,85254	2571	4	2571	3,17922
2572	3,83301	2572	4	2572	3,93193
2573	3,77441	2573	4	2573	5,99481
2574	3,76953	2574	4	2574	6,06979
2575	3,85742	2575	4	2575	2,92054
2576	3,82324	2576	4	2576	4,20909
2577	3,77441	2577	4	2577	5,92442
2578	3,79883	2578	4	2578	4,99152
2579	3,81348	2579	4	2579	4,4608
2580	3,80371	2580	4	2580	4,81254
2581	3,81348	2581	4	2581	4,46294
2582	3,81348	2582	4	2582	4,47406
2583	3,83301	2583	4	2583	3,80271
2584	3,78906	2584	4	2584	5,37876
2585	3,82324	2585	4	2585	4,14025
2586	3,80371	2586	4	2586	4,84742
2587	3,75977	2587	4	2587	6,36272
2588	3,79395	2588	4	2588	5,07451
2589	3,82813	2589	4	2589	3,86978
2590	3,83301	2590	4	2590	3,75404
2591	3,82324	2591	4	2591	4,14815
2592	3,83301	2592	4	2592	3,83321
2593	3,87695	2593	4	2593	2,34169
2594	3,76465	2594	4	2594	6,37115
2595	3,75	2595	4	2595	6,76099
2596	3,83301	2596	4	2596	3,74231
2597	3,85742	2597	4	2597	2,94776
2598	3,83789	2598	4	2598	3,72102
2599	3,78418	2599	4	2599	5,63061
2600	3,78906	2600	4	2600	5,38851
2601	3,80859	2601	4	2601	4,65857
2602	3,79883	2602	4	2602	4,99588
2603	3,81836	2603	4	2603	4,29426
2604	3,80371	2604	4	2604	4,82485
2605	3,80371	2605	4	2605	4,81324
2606	3,80859	2606	4	2606	4,63363
2607	3,74023	2607	4	2607	7,01682
2608	3,81836	2608	4	2608	4,1648
2609	3,86719	2609	4	2609	2,50748
2610	3,86231	2610	4	2610	2,80738
2611	3,79395	2611	4	2611	5,28576
2612	3,76465	2612	4	2612	6,25408
2613	3,82813	2613	4	2613	3,94342
2614	3,84277	2614	4	2614	3,47406
2615	3,81348	2615	4	2615	4,55646
2616	3,78906	2616	4	2616	5,40114
2617	3,84277	2617	4	2617	3,47811
2618	3,84766	2618	4	2618	3,36898
2619	3,78418	2619	4	2619	5,63973
2620	3,7793	2620	4	2620	5,73621
2621	3,84277	2621	4	2621	3,4551
2622	3,78418	2622	4	2622	5,56161
2623	3,77441	2623	4	2623	5,8424
2624	3,81348	2624	4	2624	4,41408
2625	3,83301	2625	4	2625	3,75364
2626	3,81348	2626	4	2626	4,48804
2627	3,80859	2627	4	2627	4,66471
2628	3,85742	2628	4	2628	2,95956
2629	3,7793	2629	4	2629	5,77202
2630	3,75977	2630	4	2630	6,37631
2631	3,82324	2631	4	2631	4,06495
2632	3,83301	2632	4	2632	3,76515
2633	3,83789	2633	4	2633	3,6469
2634	3,81348	2634	4	2634	4,54929
2635	3,79395	2635	4	2635	5,22516
2636	3,78418	2636	4	2636	5,52405
2637	3,80371	2637	4	2637	4,791
2638	3,83789	2638	4	2638	3,59475
2639	3,73047	2639	4	2639	7,39853
2640	3,78418	2640	4	2640	5,37074
2641	3,84766	2641	4	2641	3,13455
2642	3,91602	2642	4	2642	0,854893
2643	3,80859	2643	4	2643	4,8123
2644	3,76465	2644	4	2644	6,31245
2645	3,7793	2645	4	2645	5,69229
2646	3,85742	2646	4	2646	2,90883
2647	3,82324	2647	4	2647	4,19951
2648	3,78906	2648	4	2648	5,40625
2649	3,79395	2649	4	2649	5,18341
2650	3,7793	2650	4	2650	5,66001
2651	3,83789	2651	4	2651	3,56287
2652	3,82324	2652	4	2652	4,14031
2653	3,73047	2653	4	2653	7,39916
2654	3,78906	2654	4	2654	5,20114
2655	3,83789	2655	4	2655	3,48459
2656	3,86231	2656	4	2656	2,71537
2657	3,82324	2657	4	2657	4,1898
2658	3,7793	2658	4	2658	5,73853
2659	3,80859	2659	4	2659	4,64778
2660	3,81836	2660	4	2660	4,30661
2661	3,80371	2661	4	2661	4,83496
2662	3,80371	2662	4	2662	4,82151
2663	3,85742	2663	4	2663	2,93927
2664	3,83789	2664	4	2664	3,71407
2665	3,7793	2665	4	2665	5,79504
2666	3,75488	2666	4	2666	6,56525
2667	3,84277	2667	4	2667	3,39051
2668	3,82813	2668	4	2668	3,97776
2669	3,80371	2669	4	2669	4,86306
2670	3,81348	2670	4	2670	4,50428
2671	3,80859	2671	4	2671	4,678
2672	3,76953	2672	4	2672	6,03245
2673	3,80859	2673	4	2673	4,59111
2674	3,87695	2674	4	2674	2,21889
2675	3,80859	2675	4	2675	4,73966
2676	3,76953	2676	4	2676	6,0829
2677	3,81836	2677	4	2677	4,29216
2678	3,79883	2678	4	2678	4,99325
2679	3,80371	2679	4	2679	4,80244
2680	3,81836	2680	4	2680	4,28457
2681	3,81836	2681	4	2681	4,30659
2682	3,80859	2682	4	2682	4,66483
2683	3,80371	2683	4	2683	4,83089
2684	3,83301	2684	4	2684	3,79751
2685	3,82324	2685	4	2685	4,18371
2686	3,76953	2686	4	2686	6,07377
2687	3,7793	2687	4	2687	5,64559
2688	3,84766	2688	4	2688	3,21085
2689	3,81836	2689	4	2689	4,31956
2690	3,81348	2690	4	2690	4,50533
2691	3,81836	2691	4	2691	4,33864
2692	3,87207	2692	4	2692	2,47959
2693	3,79883	2693	4	2693	5,14461
2694	3,75	2694	4	2694	6,79752
2695	3,81348	2695	4	2695	4,45264
2696	3,82324	2696	4	2696	4,12541
2697	3,82324	2697	4	2697	4,15484
2698	3,79395	2698	4	2698	5,19959
2699	3,72559	2699	4	2699	7,54448
2700	3,78906	2700	4	2700	5,17146
2701	3,84766	2701	4	2701	3,12008
2702	3,88184	2702	4	2702	2,03384
2703	3,82813	2703	4	2703	4,05639
2704	3,77441	2704	4	2704	5,94807
2705	3,79883	2705	4	2705	5,01087
2706	3,81836	2706	4	2706	4,30652
2707	3,80859	2707	4	2707	4,66477
2708	3,80859	2708	4	2708	4,66073
2709	3,85742	2709	4	2709	2,9563
2710	3,83301	2710	4	2710	3,89812
2711	3,77441	2711	4	2711	5,96716
2712	3,77441	2712	4	2712	5,87705
2713	3,82813	2713	4	2713	3,93209
2714	3,81836	2714	4	2714	4,31536
2715	3,79395	2715	4	2715	5,18234
2716	3,81836	2716	4	2716	4,29824
2717	3,81348	2717	4	2717	4,48788
2718	3,80859	2718	4	2718	4,66458
2719	3,80371	2719	4	2719	4,83069
2720	3,85254	2720	4	2720	3,11689
2721	3,78906	2721	4	2721	5,41195
2722	3,76953	2722	4	2722	6,03864
2723	3,82324	2723	-4	2723	-10
2724	3,83789	2724	-4	2724	-10
2725	3,47656	2725	-4	2725	-10
2726	3,19824	2726	-4	2726	-10
2727	2,9541	2727	-4	2727	-10
2728	2,60742	2728	-4	2728	-10
2729	2,39746	2729	-4	2729	-10
2730	2,15332	2730	-4	2730	-10
2731	1,89453	2731	-4	2731	-10
2732	1,64551	2732	-4	2732	-10
2733	1,43066	2733	-4	2733	-10
2734	1,19141	2734	-4	2734	-10
2735	0,97168	2735	-4	2735	-10
2736	0,766602	2736	-4	2736	-10
2737	0,532227	2737	-4	2737	-10
2738	0,390625	2738	-4	2738	-10
2739	0,205078	2739	-4	2739	-10
2740	0,200195	2740	-4	2740	-10
2741	0,195313	2741	-4	2741	-10
2742	-0,292969	2742	-4	2742	-10
2743	-0,625	2743	-4	2743	-10
2744	-0,888672	2744	-4	2744	-10
2745	-1,04492	2745	-4	2745	-10
2746	-1,27441	2746	-4	2746	-10
2747	-1,47949	2747	-4	2747	-10
2748	-1,63086	2748	-4	2748	-10
2749	-1,78711	2749	-4	2749	-10
2750	-1,94824	2750	-4	2750	-10
2751	-2,12402	2751	-4	2751	-10
2752	-2,28516	2752	-4	2752	-10
2753	-2,43164	2753	-4	2753	-10
2754	-2,59766	2754	-4	2754	-10
2755	-2,70508	2755	-4	2755	-10
2756	-2,86133	2756	-4	2756	-10
2757	-2,99805	2757	-4	2757	-10
2758	-3,16406	2758	-4	2758	-10
2759	-3,2959	2759	-4	2759	-8,20529
2760	-3,41797	2760	-4	2760	-5,5657
2761	-3,48145	2761	-4	2761	-4,90905
2762	-3,51074	2762	-4	2762	-5,28265
2763	-3,56445	2763	-4	2763	-4,60856
2764	-3,57422	2764	-4	2764	-5,35117
2765	-3,59375	2765	-4	2765	-5,57548
2766	-3,6084	2766	-4	2766	-5,84298
2767	-3,63281	2767	-4	2767	-5,65702
2768	-3,67676	2768	-4	2768	-4,71675
2769	-3,71094	2769	-4	2769	-4,09387
2770	-3,69629	2770	-4	2770	-5,13463
2771	-3,72559	2771	-4	2771	-4,51975
2772	-3,7207	2772	-4	2772	-5,07826
2773	-3,72559	2773	-4	2773	-5,21652
2774	-3,74023	2774	-4	2774	-4,96789
2775	-3,81836	2775	-4	2775	-2,48841
2776	-3,77441	2776	-4	2776	-4,36801
2777	-3,75977	2777	-4	2777	-5,079
2778	-3,75	2778	-4	2778	-5,5552
2779	-3,75	2779	-4	2779	-5,64766
2780	-3,79883	2780	-4	2780	-4,02219
2781	-3,78906	2781	-4	2781	-4,51827
2782	-3,81348	2782	-4	2782	-3,77644
2783	-3,84277	2783	-4	2783	-2,89171
2784	-3,79883	2784	-4	2784	-4,59032
2785	-3,75977	2785	-4	2785	-6,00378
2786	-3,80859	2786	-4	2786	-4,27049
2787	-3,85742	2787	-4	2787	-2,63702
2788	-3,81348	2788	-4	2788	-4,31734
2789	-3,7793	2789	-4	2789	-5,54572
2790	-3,7793	2790	-4	2790	-5,51071
2791	-3,82324	2791	-4	2791	-3,95105
2792	-3,83789	2792	-4	2792	-3,50184
2793	-3,81836	2793	-4	2793	-4,26049
2794	-3,84766	2794	-4	2794	-3,26622
2795	-3,83301	2795	-4	2795	-3,85453
2796	-3,79883	2796	-4	2796	-5,08093
2797	-3,79883	2797	-4	2797	-5,04429
2798	-3,83789	2798	-4	2798	-3,65341
2799	-3,82324	2799	-4	2799	-4,21439
2800	-3,84277	2800	-4	2800	-3,54719
2801	-3,79883	2801	-4	2801	-5,12663
2802	-3,86231	2802	-4	2802	-2,87022
2803	-3,82813	2803	-4	2803	-4,14638
2804	-3,76953	2804	-4	2804	-6,19181
2805	-3,79395	2805	-4	2805	-5,23183
2806	-3,87207	2806	-4	2806	-2,46749
2807	-3,86231	2807	-4	2807	-2,92325
2808	-3,80859	2808	-4	2808	-4,87022
2809	-3,83789	2809	-4	2809	-3,80815
2810	-3,84277	2810	-4	2810	-3,66055
2811	-3,79395	2811	-4	2811	-5,38948
2812	-3,78906	2812	-4	2812	-5,48839
2813	-3,81348	2813	-4	2813	-4,57017
2814	-3,82813	2814	-4	2814	-4,05146
2815	-3,82324	2815	-4	2815	-4,24291
2816	-3,80371	2816	-4	2816	-4,93142
2817	-3,90137	2817	-4	2817	-1,49819
2818	-3,83301	2818	-4	2818	-4,04233
2819	-3,79395	2819	-4	2819	-5,40469
2820	-3,80859	2820	-4	2820	-4,82038
2821	-3,83301	2821	-4	2821	-3,93749
2822	-3,84277	2822	-4	2822	-3,61779
2823	-3,85254	2823	-4	2823	-3,31315
2824	-3,81348	2824	-4	2824	-4,72196
2825	-3,78906	2825	-4	2825	-5,53655
2826	-3,82324	2826	-4	2826	-4,26935
2827	-3,81348	2827	-4	2827	-4,61283
2828	-3,82324	2828	-4	2828	-4,25648
2829	-3,81836	2829	-4	2829	-4,43218
2830	-3,81348	2830	-4	2830	-4,59748
2831	-3,81836	2831	-4	2831	-4,41403
2832	-3,81348	2832	-4	2832	-4,58262
2833	-3,88184	2833	-4	2833	-2,19041
2834	-3,83301	2834	-4	2834	-4,01438
2835	-3,80859	2835	-4	2835	-4,87149
2836	-3,79883	2836	-4	2836	-5,17009
2837	-3,82324	2837	-4	2837	-4,26668
2838	-3,81348	2838	-4	2838	-4,61064
2839	-3,78906	2839	-4	2839	-5,44547
2840	-3,74512	2840	-4	2840	-6,91663
2841	-3,87207	2841	-4	2841	-2,36017
2842	-3,90137	2842	-4	2842	-1,47454
2843	-3,88184	2843	-4	2843	-2,32186
2844	-3,88184	2844	-4	2844	-2,42081
2845	-3,79395	2845	-4	2845	-5,56378
2846	-3,75	2846	-4	2846	-6,9919
2847	-3,7793	2847	-4	2847	-5,80247
2848	-3,84277	2848	-4	2848	-3,50931
2849	-3,87207	2849	-4	2849	-2,54395
2850	-3,83789	2850	-4	2850	-3,83637
2851	-3,87695	2851	-4	2851	-2,49285
2852	-3,80859	2852	-4	2852	-4,96381
2853	-3,79883	2853	-4	2853	-5,24562
2854	-3,77441	2854	-4	2854	-6,0296
2855	-3,85742	2855	-4	2855	-3,03623
2856	-3,85742	2856	-4	2856	-3,11296
2857	-3,84766	2857	-4	2857	-3,51596
2858	-3,80859	2858	-4	2858	-4,90943
2859	-3,88184	2859	-4	2859	-2,30922
2860	-3,82813	2860	-4	2860	-4,2817
2861	-3,77441	2861	-4	2861	-6,13241
2862	-3,76465	2862	-4	2862	-6,35248
2863	-3,83789	2863	-4	2863	-3,6837
2864	-3,82324	2864	-4	2864	-4,23917
2865	-3,88184	2865	-4	2865	-2,20657
2866	-3,83301	2866	-4	2866	-4,0276
2867	-3,82324	2867	-4	2867	-4,37197
2868	-3,82813	2868	-4	2868	-4,18645
2869	-3,82324	2869	-4	2869	-4,35336
2870	-3,80859	2870	-4	2870	-4,85168
2871	-3,80859	2871	-4	2871	-4,81365
2872	-3,81348	2872	-4	2872	-4,61243
2873	-3,83301	2873	-4	2873	-3,91592
2874	-3,83301	2874	-4	2874	-3,94037
2875	-3,88672	2875	-4	2875	-2,08914
2876	-3,80859	2876	-4	2876	-4,93066
2877	-3,81348	2877	-4	2877	-4,70816
2878	-3,79883	2878	-4	2878	-5,18504
2879	-3,82813	2879	-4	2879	-4,1088
2880	-3,81348	2880	-4	2880	-4,63005
2881	-3,82813	2881	-4	2881	-4,10045
2882	-3,73535	2882	-4	2882	-7,34501
2883	-3,84766	2883	-4	2883	-3,26407
2884	-3,87695	2884	-4	2884	-2,32176
2885	-3,86231	2885	-4	2885	-2,9526
2886	-3,89648	2886	-4	2886	-1,83221
2887	-3,82324	2887	-4	2887	-4,50727
2888	-3,75977	2888	-4	2888	-6,67872
2889	-3,79395	2889	-4	2889	-5,33306
2890	-3,82813	2890	-4	2890	-4,08132
2891	-3,85254	2891	-4	2891	-3,24667
2892	-3,81836	2892	-4	2892	-4,49745
2893	-3,87207	2893	-4	2893	-2,60953
2894	-3,83301	2894	-4	2894	-4,06014
2895	-3,81836	2895	-4	2895	-4,5687
2896	-3,77441	2896	-4	2896	-6,07007
2897	-3,80859	2897	-4	2897	-4,77047
2898	-3,83301	2898	-4	2898	-3,89665
2899	-3,83301	2899	-4	2899	-3,9246
2900	-3,81836	2900	-4	2900	-4,45781
2901	-3,90625	2901	-4	2901	-1,38631
2902	-3,85254	2902	-4	2902	-3,41892
2903	-3,7793	2903	-4	2903	-5,99929
2904	-3,76953	2904	-4	2904	-6,22203
2905	-3,80859	2905	-4	2905	-4,74622
2906	-3,82813	2906	-4	2906	-4,04692
2907	-3,87207	2907	-4	2907	-2,53807
2908	-3,82324	2908	-4	2908	-4,3419
2909	-3,81348	2909	-4	2909	-4,67219
2910	-3,82813	2910	-4	2910	-4,13493
2911	-3,82813	2911	-4	2911	-4,14109
2912	-3,81836	2912	-4	2912	-4,48636
2913	-3,81348	2913	-4	2913	-4,6418
2914	-3,79883	2914	-4	2914	-5,13074
2915	-3,80859	2915	-4	2915	-4,74482
2916	-3,84277	2916	-4	2916	-3,53544
2917	-3,90137	2917	-4	2917	-1,54465
2918	-3,83789	2918	-4	2918	-3,91023
2919	-3,81836	2919	-4	2919	-4,59463
2920	-3,79883	2920	-4	2920	-5,24073
2921	-3,82324	2921	-4	2921	-4,32447
2922	-3,79395	2922	-4	2922	-5,33838
2923	-3,79883	2923	-4	2923	-5,10635
2924	-3,72559	2924	-4	2924	-7,61678
2925	-3,87207	2925	-4	2925	-2,3387
2926	-3,91602	2926	-4	2926	-0,946641
2927	-3,87695	2927	-4	2927	-2,50579
2928	-3,88184	2928	-4	2928	-2,42272
2929	-3,78906	2929	-4	2929	-5,73546
2930	-3,74023	2930	-4	2930	-7,324
2931	-3,78418	2931	-4	2931	-5,60692
2932	-3,82324	2932	-4	2932	-4,17835
2933	-3,88184	2933	-4	2933	-2,1568
2934	-3,84277	2934	-4	2934	-3,64666
2935	-3,86231	2935	-4	2935	-2,99655
2936	-3,81836	2936	-4	2936	-4,58996
2937	-3,79883	2937	-4	2937	-5,23691
2938	-3,76953	2938	-4	2938	-6,19258
2939	-3,79395	2939	-4	2939	-5,23246
2940	-3,87695	2940	-4	2940	-2,2979
2941	-3,88184	2941	-4	2941	-2,25262
2942	-3,81836	2942	-4	2942	-4,57561
2943	-3,80859	2943	-4	2943	-4,88494
2944	-3,83789	2944	-4	2944	-3,8202
2945	-3,81348	2945	-4	2945	-4,69108
2946	-3,83301	2946	-4	2946	-3,98027
2947	-3,83301	2947	-4	2947	-3,99302
2948	-3,80859	2948	-4	2948	-4,85401
2949	-3,82813	2949	-4	2949	-4,13511
2950	-3,79883	2950	-4	2950	-5,16192
2951	-3,81836	2951	-4	2951	-4,4301
2952	-3,83301	2952	-4	2952	-3,91533
2953	-3,80859	2953	-4	2953	-4,79044
2954	-3,81348	2954	-4	2954	-4,59344
2955	-3,86719	2955	-4	2955	-2,7096
2956	-3,81348	2956	-4	2956	-4,67388
2957	-3,80859	2957	-4	2957	-4,81677
2958	-3,80371	2958	-4	2958	-4,9552
2959	-3,87695	2959	-4	2959	-2,3682
2960	-3,83789	2960	-4	2960	-3,84116
2961	-3,81348	2961	-4	2961	-4,70823
2962	-3,79883	2962	-4	2962	-5,18509
2963	-3,83301	2963	-4	2963	-3,93873
2964	-3,80859	2964	-4	2964	-4,80959
2965	-3,79883	2965	-4	2965	-5,11944
2966	-3,74512	2966	-4	2966	-6,94704
2967	-3,84766	2967	-4	2967	-3,23561
2968	-3,89648	2968	-4	2968	-1,61803
2969	-3,8916	2969	-4	2969	-1,95046
2970	-3,88184	2970	-4	2970	-2,41409
2971	-3,79395	2971	-4	2971	-5,55829
2972	-3,75977	2972	-4	2972	-6,64717
2973	-3,75488	2973	-4	2973	-6,66814
2974	-3,8916	2974	-4	2974	-1,77357
2975	-3,88672	2975	-4	2975	-2,09925
2976	-3,83789	2976	-4	2976	-3,91826
2977	-3,84766	2977	-4	2977	-3,58053
2978	-3,82324	2978	-4	2978	-4,45192
2979	-3,79395	2979	-4	2979	-5,44265
2980	-3,76465	2980	-4	2980	-6,38245
2981	-3,86719	2981	-4	2981	-2,68755
2982	-3,86231	2982	-4	2982	-2,95472
2983	-3,83789	2983	-4	2983	-3,87529
2984	-3,78906	2984	-4	2984	-5,58672
2985	-3,87695	2985	-4	2985	-2,43916
2986	-3,83301	2986	-4	2986	-4,06932
2987	-3,78418	2987	-4	2987	-5,767
2988	-3,77441	2988	-4	2988	-6,01045
2989	-3,84277	2989	-4	2989	-3,5309
2990	-3,85742	2990	-4	2990	-3,07195
2991	-3,86719	2991	-4	2991	-2,80195
2992	-3,80859	2992	-4	2992	-4,91956
2993	-3,80371	2993	-4	2993	-5,0393
2994	-3,83789	2994	-4	2994	-3,79791
2995	-3,80371	2995	-4	2995	-5,01307
2996	-3,82324	2996	-4	2996	-4,28679
2997	-3,86719	2997	-4	2997	-2,75586
2998	-3,81836	2998	-4	2998	-4,54162
2999	-3,80859	2999	-4	2999	-4,85713
3000	-3,81836	3000	-4	3000	-4,47789
3001	-3,87695	3001	-4	3001	-2,42341
3002	-3,82324	3002	-4	3002	-4,39666
3003	-3,83301	3003	-4	3003	-4,03655
3004	-3,80859	3004	-4	3004	-4,88962
3005	-3,76465	3005	-4	3005	-6,37571
3006	-3,81348	3006	-4	3006	-4,55327
3007	-3,82813	3007	-4	3007	-4,03763
3008	-3,76465	3008	-4	3008	-6,27294
3009	-3,86719	3009	-4	3009	-2,59795
3010	-3,87695	3010	-4	3010	-2,37107
3011	-3,83301	3011	-4	3011	-4,01361
3012	-3,86719	3012	-4	3012	-2,82951
3013	-3,83301	3013	-4	3013	-4,09154
3014	-3,78418	3014	-4	3014	-5,78518
3015	-3,78906	3015	-4	3015	-5,51499
3016	-3,81348	3016	-4	3016	-4,59193
3017	-3,85254	3017	-4	3017	-3,2187
3018	-3,81836	3018	-4	3018	-4,47457
3019	-3,86719	3019	-4	3019	-2,76092
3020	-3,83789	3020	-4	3020	-3,86531
3021	-3,81348	3021	-4	3021	-4,72799
3022	-3,77441	3022	-4	3022	-6,05182
3023	-3,81836	3023	-4	3023	-4,41531
3024	-3,84277	3024	-4	3024	-3,563
3025	-3,83301	3025	-4	3025	-3,94877
3026	-3,80859	3026	-4	3026	-4,81781
3027	-3,8916	3027	-4	3027	-1,89403
3028	-3,84277	3028	-4	3028	-3,72882
3029	-3,79395	3029	-4	3029	-5,44535
3030	-3,79883	3030	-4	3030	-5,19387
3031	-3,82324	3031	-4	3031	-4,28613
3032	-3,83789	3032	-4	3032	-3,776
3033	-3,85254	3033	-4	3033	-3,29402
3034	-3,79883	3034	-4	3034	-5,21664
3035	-3,79883	3035	-4	3035	-5,15533
3036	-3,83789	3036	-4	3036	-3,74426
3037	-3,81348	3037	-4	3037	-4,62895
3038	-3,82324	3038	-4	3038	-4,26967
3039	-3,86719	3039	-4	3039	-2,74185
3040	-3,81836	3040	-4	3040	-4,53016
3041	-3,80859	3041	-4	3041	-4,84775
3042	-3,79883	3042	-4	3042	-5,15067
3043	-3,87695	3043	-4	3043	-2,37955
3044	-3,80859	3044	-4	3044	-4,87111
3045	-3,82813	3045	-4	3045	-4,14911
3046	-3,81836	3046	-4	3046	-4,49291
3047	-3,83789	3047	-4	3047	-3,79661
3048	-3,81348	3048	-4	3048	-4,67178
3049	-3,77441	3049	-4	3049	-6,00583
3050	-3,73047	3050	-4	3050	-7,4397
3051	-3,85254	3051	-4	3051	-3,02285
3052	-3,91602	3052	-4	3052	-0,912083
3053	-3,89648	3053	-4	3053	-1,79707
3054	-3,87695	3054	-4	3054	-2,60728
3055	-3,78418	3055	-4	3055	-5,908
3056	-3,73535	3056	-4	3056	-7,48671
3057	-3,78906	3057	-4	3057	-5,42135
3058	-3,83789	3058	-4	3058	-3,66476
3059	-3,88672	3059	-4	3059	-2,01222
3060	-3,83789	3060	-4	3060	-3,84705
3061	-3,86231	3061	-4	3061	-3,01193
3062	-3,81836	3062	-4	3062	-4,60255
3063	-3,80859	3063	-4	3063	-4,90698
3064	-3,76465	3064	-4	3064	-6,38991
3065	-3,81348	3065	-4	3065	-4,56489
3066	-3,86719	3066	-4	3066	-2,68624
3067	-3,86231	3067	-4	3067	-2,95364
3068	-3,80859	3068	-4	3068	-4,89509
3069	-3,88184	3069	-4	3069	-2,29749
3070	-3,83789	3070	-4	3070	-3,93187
3071	-3,78418	3071	-4	3071	-5,80312
3072	-3,79395	3072	-4	3072	-5,35955
3073	-3,84277	3073	-4	3073	-3,59266
3074	-3,82813	3074	-4	3074	-4,14316
3075	-3,85254	3075	-4	3075	-3,29726
3076	-3,81348	3076	-4	3076	-4,70896
3077	-3,9209	3077	-4	3077	-0,93288
3078	-3,82324	3078	-4	3078	-4,51435
3079	-3,75977	3079	-4	3079	-6,68452
3080	-3,77441	3080	-4	3080	-6,01825
3081	-3,86231	3081	-4	3081	-2,85683
3082	-3,85254	3082	-4	3082	-3,28487
3083	-3,82324	3083	-4	3083	-4,35859
3084	-3,85742	3084	-4	3084	-3,15483
3085	-3,88184	3085	-4	3085	-2,35943
3086	-3,81348	3086	-4	3086	-4,83312
3087	-3,74512	3087	-4	3087	-7,15851
3088	-3,79883	3088	-4	3088	-5,10976
3089	-3,84277	3089	-4	3089	-3,53687
3090	-3,85742	3090	-4	3090	-3,07683
3091	-3,82813	3091	-4	3091	-4,16685
3092	-3,75	3092	-4	3092	-6,889
3093	-3,85254	3093	-4	3093	-3,1666
3094	-3,87207	3094	-4	3094	-2,5607
3095	-3,8916	3095	-4	3095	-1,97884
3096	-3,88672	3096	-4	3096	-2,2672
3097	-3,78906	3097	-4	3097	-5,7568
3098	-3,77441	3098	-4	3098	-6,15068
3099	-3,80859	3099	-4	3099	-4,83642
3100	-3,82813	3100	-4	3100	-4,12072
3101	-3,84766	3101	-4	3101	-3,44902
3102	-3,81836	3102	-4	3102	-4,51443
3103	-3,82324	3103	-4	3103	-4,32455
3104	-3,83789	3104	-4	3104	-3,80743
3105	-3,81836	3105	-4	3105	-4,51052
3106	-3,79883	3106	-4	3106	-5,17191
3107	-3,81836	3107	-4	3107	-4,43828
3108	-3,84766	3108	-4	3108	-3,41168
3109	-3,84766	3109	-4	3109	-3,46321
3110	-3,80859	3110	-4	3110	-4,86627
3111	-3,88184	3111	-4	3111	-2,2739
3112	-3,83789	3112	-4	3112	-3,91258
3113	-3,78418	3113	-4	3113	-5,78734
3114	-3,78418	3114	-4	3114	-5,68686
3115	-3,81836	3115	-4	3115	-4,41387
3116	-3,84766	3116	-4	3116	-3,3917
3117	-3,86231	3117	-4	3117	-2,93653
3118	-3,81348	3118	-4	3118	-4,71097
3119	-3,81836	3119	-4	3119	-4,50689
3120	-3,82813	3120	-4	3120	-4,14826
3121	-3,80859	3121	-4	3121	-4,83245
3122	-3,82813	3122	-4	3122	-4,11747
3123	-3,86719	3123	-4	3123	-2,76591
3124	-3,80859	3124	-4	3124	-4,89007
3125	-3,80371	3125	-4	3125	-5,01517
3126	-3,84766	3126	-4	3126	-3,43795
3127	-3,87695	3127	-4	3127	-2,46403
3128	-3,81348	3128	-4	3128	-4,77012
3129	-3,81348	3129	-4	3129	-4,72539
3130	-3,80859	3130	-4	3130	-4,85891
3131	-3,81836	3131	-4	3131	-4,47934
3132	-3,82324	3132	-4	3132	-4,29584
3133	-3,79395	3133	-4	3133	-5,31495
3134	-3,88184	3134	-4	3134	-2,19527
3135	-3,84766	3135	-4	3135	-3,50802
3136	-3,79883	3136	-4	3136	-5,24316
3137	-3,80859	3137	-4	3137	-4,8368
3138	-3,81836	3138	-4	3138	-4,46125
3139	-3,83789	3139	-4	3139	-3,7707
3140	-3,85742	3140	-4	3140	-3,11957
3141	-3,80371	3141	-4	3141	-5,05238
3142	-3,80859	3142	-4	3142	-4,82929
3143	-3,82813	3143	-4	3143	-4,11488
3144	-3,81836	3144	-4	3144	-4,46492
3145	-3,81836	3145	-4	3145	-4,45415
3146	-3,83789	3146	-4	3146	-3,76489
3147	-3,81836	3147	-4	3147	-4,47571
3148	-3,81348	3148	-4	3148	-4,63309
3149	-3,82324	3149	-4	3149	-4,27305
3150	-3,87695	3150	-4	3150	-2,4044
3151	-3,82324	3151	-4	3151	-4,38111
3152	-3,79883	3152	-4	3152	-5,2146
3153	-3,79883	3153	-4	3153	-5,15366
3154	-3,84277	3154	-4	3154	-3,57279
3155	-3,82324	3155	-4	3155	-4,29701
3156	-3,82324	3156	-4	3156	-4,29523
3157	-3,73535	3157	-4	3157	-7,3558
3158	-3,82324	3158	-4	3158	-4,12346
3159	-3,88184	3159	-4	3159	-2,11189
3160	-3,86231	3160	-4	3160	-2,92946
3161	-3,89648	3161	-4	3161	-1,81328
3162	-3,82813	3162	-4	3162	-4,32167
3163	-3,76953	3163	-4	3163	-6,33523
3164	-3,78418	3164	-4	3164	-5,68939
3165	-3,86231	3165	-4	3165	-2,88493
3166	-3,85742	3166	-4	3166	-3,13774
3167	-3,82813	3167	-4	3167	-4,21669
3168	-3,84766	3168	-4	3168	-3,52753
3169	-3,84277	3169	-4	3169	-3,72811
3170	-3,79395	3170	-4	3170	-5,44476
3171	-3,75977	3171	-4	3171	-6,55429
3172	-3,81836	3172	-4	3172	-4,38069
3173	-3,87695	3173	-4	3173	-2,34388
3174	-3,86719	3174	-4	3174	-2,80058
3175	-3,82813	3175	-4	3175	-4,23799
3176	-3,87207	3176	-4	3176	-2,6944
3177	-3,81836	3177	-4	3177	-4,63991
3178	-3,7793	3178	-4	3178	-5,95822
3179	-3,80371	3179	-4	3179	-4,99765
3180	-3,83301	3180	-4	3180	-3,93394
3181	-3,83301	3181	-4	3181	-3,95511
3182	-3,83789	3182	-4	3182	-3,80232
3183	-3,80859	3183	-4	3183	-4,84657
3184	-3,83301	3184	-4	3184	-3,95891
3185	-3,82813	3185	-4	3185	-4,14566
3186	-3,81348	3186	-4	3186	-4,6602
3187	-3,80859	3187	-4	3187	-4,80557
3188	-3,82324	3188	-4	3188	-4,2656
3189	-3,82324	3189	-4	3189	-4,26953
3190	-3,82324	3190	-4	3190	-4,27275
3191	-3,83789	3191	-4	3191	-3,76505
3192	-3,88184	3192	-4	3192	-2,26439
3193	-3,82324	3193	-4	3193	-4,41513
3194	-3,80859	3194	-4	3194	-4,90222
3195	-3,79395	3195	-4	3195	-5,36534
3196	-3,83301	3196	-4	3196	-3,93763
3197	-3,82324	3197	-4	3197	-4,29835
3198	-3,79883	3198	-4	3198	-5,1469
3199	-3,76465	3199	-4	3199	-6,28905
3200	-3,86231	3200	-4	3200	-2,78124
3201	-3,87207	3201	-4	3201	-2,54257
3202	-3,85742	3202	-4	3202	-3,15479
3203	-3,85254	3203	-4	3203	-3,38007
3204	-3,82324	3204	-4	3204	-4,43649
3205	-3,7793	3205	-4	3205	-5,94036
