Amostra - Velocidade C/AI0+	Amplitude - Velocidade C/AI0+	Amostra - Set-point	Amplitude - Set-point	Amostra - Esf controle	Amplitude - Esf controle	Amostra - Plot 3	Amplitude - Plot 3
4715	-0,175781	4715	0,0585938	4715	0	4715	-0,0573796
4716	-0,175781	4716	0,0634766	4716	0	4716	-0,0646134
4717	-0,175781	4717	0,0634766	4717	0	4717	-0,0644067
4718	-0,175781	4718	0,0585938	4718	0	4718	-0,0572246
4719	-0,175781	4719	0,0634766	4719	0	4719	-0,0644865
4720	-0,175781	4720	0,0585938	4720	0	4720	-0,0572899
4721	-0,180664	4721	0,0585938	4721	0	4721	-0,057527
4722	-0,175781	4722	0,0585938	4722	0	4722	-0,0577209
4723	-0,175781	4723	0,0585938	4723	0	4723	-0,0578796
4724	-0,180664	4724	0,107422	4724	0	4724	-0,12814
4725	-0,175781	4725	0,0634766	4725	0	4725	-0,0612555
4726	-0,180664	4726	0,0634766	4726	0	4726	-0,0616594
4727	-0,180664	4727	0,0537109	4727	0	4727	-0,0479637
4728	-0,180664	4728	0,0585938	4728	0	4728	-0,0560217
4729	-0,180664	4729	0,0634766	4729	0	4729	-0,0635024
4730	-0,175781	4730	0,0634766	4730	0	4730	-0,0634977
4731	-0,175781	4731	0,0634766	4731	0	4731	-0,0634939
4732	-0,180664	4732	0,0585938	4732	0	4732	-0,0564777
4733	-0,180664	4733	0,0634766	4733	0	4733	-0,0638755
4734	-0,175781	4734	0,0634766	4734	0	4734	-0,0638029
4735	-0,175781	4735	0,0585938	4735	0	4735	-0,0567306
4736	-0,175781	4736	0,0585938	4736	0	4736	-0,0570693
4737	-0,175781	4737	0,0585938	4737	0	4737	-0,0573465
4738	-0,180664	4738	0,0683594	4738	0	4738	-0,0715993
4739	-0,180664	4739	0,0585938	4739	0	4739	-0,0569842
4740	-0,170898	4740	0,0585938	4740	0	4740	-0,0572769
4741	-0,180664	4741	0,0683594	4741	0	4741	-0,0715423
4742	-0,175781	4742	0,0585938	4742	0	4742	-0,0569376
4743	-0,175781	4743	0,0634766	4743	0	4743	-0,0642517
4744	-0,19043	4744	0,0585938	4744	0	4744	-0,0570978
4745	-0,175781	4745	0,0585938	4745	0	4745	-0,0573698
4746	-0,185547	4746	0,0634766	4746	0	4746	-0,0646053
4747	-0,175781	4747	0,0634766	4747	0	4747	-0,0644001
4748	-0,175781	4748	0,0634766	4748	0	4748	-0,0642322
4749	-0,175781	4749	0,0585938	4749	0	4749	-0,0570818
4750	-0,166016	4750	0,0634766	4750	0	4750	-0,0643697
4751	-0,175781	4751	0,0634766	4751	0	4751	-0,0642073
4752	-0,175781	4752	0,0585938	4752	0	4752	-0,0570614
4753	-0,180664	4753	0,0634766	4753	0	4753	-0,0643531
4754	-0,175781	4754	0,0634766	4754	0	4754	-0,0641937
4755	-0,175781	4755	0,0585938	4755	0	4755	-0,0570503
4756	-0,180664	4756	0,0683594	4756	0	4756	-0,071357
4757	-0,175781	4757	0,0634766	4757	0	4757	-0,0637989
4758	-0,175781	4758	0,0585938	4758	0	4758	-0,0567273
4759	-0,175781	4759	0,0585938	4759	0	4759	-0,0570667
4760	-0,180664	4760	0,0585938	4760	0	4760	-0,0573443
4761	-0,180664	4761	0,0585938	4761	0	4761	-0,0575715
4762	-0,175781	4762	0,0683594	4762	0	4762	-0,0717834
4763	-0,175781	4763	0,0634766	4763	0	4763	-0,0641478
4764	-0,175781	4764	0,0585938	4764	0	4764	-0,0570128
4765	-0,180664	4765	0,0634766	4765	0	4765	-0,0643132
4766	-0,180664	4766	0,0585938	4766	0	4766	-0,0571481
4767	-0,175781	4767	0,0634766	4767	0	4767	-0,064424
4768	-0,185547	4768	0,0585938	4768	0	4768	-0,0572387
4769	-0,175781	4769	0,0585938	4769	0	4769	-0,0574851
4770	-0,180664	4770	0,0634766	4770	0	4770	-0,0646997
4771	-0,170898	4771	0,0585938	4771	0	4771	-0,0574643
4772	-0,170898	4772	0,0634766	4772	0	4772	-0,0646826
4773	-0,175781	4773	0,0634766	4773	0	4773	-0,0644634
4774	-0,175781	4774	0,0585938	4774	0	4774	-0,0572709
4775	-0,180664	4775	0,0634766	4775	0	4775	-0,0645245
4776	-0,175781	4776	0,0585938	4776	0	4776	-0,0573209
4777	-0,175781	4777	0,0634766	4777	0	4777	-0,0645654
4778	-0,175781	4778	0,0634766	4778	0	4778	-0,0643674
4779	-0,161133	4779	0,0585938	4779	0	4779	-0,0571924
4780	-0,180664	4780	0,0634766	4780	0	4780	-0,0644602
4781	-0,175781	4781	0,0585938	4781	0	4781	-0,0572684
4782	-0,180664	4782	0,0634766	4782	0	4782	-0,0645224
4783	-0,175781	4783	0,0634766	4783	0	4783	-0,0643322
4784	-0,175781	4784	0,0634766	4784	0	4784	-0,0641766
4785	-0,180664	4785	0,0634766	4785	0	4785	-0,0640493
4786	-0,170898	4786	0,0634766	4786	0	4786	-0,0639452
4787	-0,180664	4787	0,0634766	4787	0	4787	-0,06386
4788	-0,175781	4788	0,0634766	4788	0	4788	-0,0637903
4789	-0,180664	4789	0,0488281	4789	0	4789	-0,0426942
4790	-0,175781	4790	0,0683594	4790	0	4790	-0,0718615
4791	-0,170898	4791	0,0634766	4791	0	4791	-0,0642118
4792	-0,180664	4792	0,0634766	4792	0	4792	-0,0640781
4793	-0,175781	4793	0,0634766	4793	0	4793	-0,0639687
4794	-0,161133	4794	0,0585938	4794	0	4794	-0,0568662
4795	-0,180664	4795	0,0634766	4795	0	4795	-0,0641933
4796	-0,175781	4796	0,0585938	4796	0	4796	-0,05705
4797	-0,180664	4797	0,0585938	4797	0	4797	-0,0573307
4798	-0,180664	4798	0,0585938	4798	0	4798	-0,0575603
4799	-0,175781	4799	0,0634766	4799	0	4799	-0,0647613
4800	-0,180664	4800	0,0634766	4800	0	4800	-0,0645277
4801	-0,170898	4801	0,0634766	4801	0	4801	-0,0643366
4802	-0,180664	4802	0,0634766	4802	0	4802	-0,0641802
4803	-0,175781	4803	0,0634766	4803	4	4803	5,68101
4804	-0,175781	4804	0,0634766	4804	4	4804	5,36382
4805	-0,166016	4805	0,0683594	4805	4	4805	5,0973
4806	-0,15625	4806	0,0830078	4806	4	4806	4,86431
4807	0,0146484	4807	0,12207	4807	4	4807	4,63597
4808	0,180664	4808	0,170898	4808	4	4808	4,42801
4809	0,273438	4809	0,234375	4809	4	4809	4,22794
4810	0,366211	4810	0,302734	4810	4	4810	4,0457
4811	0,439453	4811	0,390625	4811	4	4811	3,85611
4812	0,546875	4812	0,463867	4812	4	4812	3,70606
4813	0,629883	4813	0,576172	4813	4	4813	3,51386
4814	0,678711	4814	0,688477	4814	4	4814	3,33619
4815	0,712891	4815	0,795899	4815	4	4815	3,17742
4816	0,78125	4816	0,90332	4816	4	4816	3,02798
4817	0,81543	4817	1,06445	4817	4	4817	2,80905
4818	0,864258	4818	1,15723	4818	4	4818	2,6988
4819	0,878906	4819	1,29395	4819	4	4819	2,52861
4820	0,888672	4820	1,42578	4820	4	4820	2,37152
4821	0,917969	4821	1,5625	4821	4	4821	2,21201
4822	0,947266	4822	1,69434	4822	4	4822	2,06366
4823	0,966797	4823	1,82617	4823	4	4823	1,91831
4824	0,957031	4824	1,97754	4824	4	4824	1,74737
4825	0,9375	4825	2,11914	4825	4	4825	1,59401
4826	0,97168	4826	2,27539	4826	4	4826	1,42175
4827	0,97168	4827	2,41699	4827	4	4827	1,27344
4828	0,961914	4828	2,56348	4828	4	4828	1,11933
4829	0,957031	4829	2,7002	4829	4	4829	0,98064
4830	0,9375	4830	2,83691	4830	4	4830	0,842307
4831	0,922852	4831	2,9834	4831	4	4831	0,690241
4832	0,90332	4832	3,10059	4832	4	4832	0,581268
4833	0,888672	4833	3,24707	4833	4	4833	0,428724
4834	0,883789	4834	3,37891	4834	4	4834	0,29832
4835	0,869141	4835	3,48633	4835	4	4835	0,202721
4836	0,834961	4836	3,64258	4836	4	4836	0,0348423
4837	0,81543	4837	3,76465	4837	4	4837	-0,0818311
4838	0,756836	4838	3,88184	4838	4	4838	-0,192473
4839	0,761719	4839	3,97949	4839	4	4839	-0,276252
4840	0,742188	4840	4,10156	4840	4	4840	-0,39762
4841	0,683594	4841	4,22852	4841	4	4841	-0,526129
4842	0,668945	4842	4,32129	4842	4	4842	-0,605264
4843	0,625	4843	4,41895	4843	4	4843	-0,693891
4844	0,571289	4844	4,52148	4844	4	4844	-0,791173
4845	0,532227	4845	4,61914	4845	4	4845	-0,882398
4846	0,517578	4846	4,69727	4846	4	4846	-0,946741
4847	0,458984	4847	4,76563	4847	4	4847	-0,999563
4848	0,43457	4848	4,8584	4848	4	4848	-1,09028
4849	0,375977	4849	4,90723	4849	4	4849	-1,11824
4850	0,34668	4850	4,99512	4850	4	4850	-1,20611
4851	0,317383	4851	5,03906	4851	4	4851	-1,23087
4852	0,297852	4852	5,09277	4852	4	4852	-1,27313
4853	0,258789	4853	5,14648	4853	4	4853	-1,31748
4854	0,219727	4854	5,19043	4854	4	4854	-1,34951
4855	0,180664	4855	5,22949	4855	4	4855	-1,37669
4856	0,131836	4856	5,25391	4856	4	4856	-1,38499
4857	0,131836	4857	5,29297	4857	4	4857	-1,41726
4858	0,0683594	4858	5,31738	4858	4	4858	-1,42973
4859	0,0683594	4859	5,3418	4859	4	4859	-1,44437
4860	0,00976563	4860	5,35156	4860	4	4860	-1,43974
4861	0,00976563	4861	5,36133	4861	4	4861	-1,43774
4862	0,0146484	4862	5,38086	4862	4	4862	-1,4519
4863	0,00976563	4863	5,40039	4863	4	4863	-1,46703
4864	-0,258789	4864	5,36621	4864	4	4864	-1,40582
4865	-0,263672	4865	5,35156	4865	4	4865	-1,37758
4866	-0,258789	4866	5,34668	4866	4	4866	-1,36584
4867	-0,258789	4867	5,33691	4867	4	4867	-1,34833
4868	-0,258789	4868	5,32715	4868	4	4868	-1,33223
4869	-0,258789	4869	5,30273	4869	4	4869	-1,29624
4870	-0,263672	4870	5,29785	4870	4	4870	-1,29041
4871	-0,253906	4871	5,27344	4871	4	4871	-1,2567
4872	-0,317383	4872	5,25879	4872	4	4872	-1,2387
4873	-0,3125	4873	5,22949	4873	4	4873	-1,20028
4874	-0,336914	4874	5,20508	4874	4	4874	-1,17052
4875	-0,34668	4875	5,18555	4875	4	4875	-1,14875
4876	-0,375977	4876	5,15625	4876	4	4876	-1,11337
4877	-0,395508	4877	5,12207	4877	4	4877	-1,07207
4878	-0,405273	4878	5,09277	4878	4	4878	-1,03908
4879	-0,415039	4879	5,05859	4879	4	4879	-0,999755
4880	-0,415039	4880	5,03906	4880	4	4880	-0,982402
4881	-0,405273	4881	5,01465	4881	4	4881	-0,957639
4882	-0,419922	4882	5,13184	4882	4	4882	-1,13632
4883	-0,419922	4883	4,94141	4883	4	4883	-0,861995
4884	-0,415039	4884	4,91211	4884	4	4884	-0,834355
4885	-0,419922	4885	4,87305	4885	4	4885	-0,792389
4886	-0,419922	4886	4,84375	4886	4	4886	-0,764976
4887	-0,424805	4887	4,81934	4887	4	4887	-0,744234
4888	-0,43457	4888	4,77539	4888	4	4888	-0,694772
4889	-0,444336	4889	4,76074	4889	4	4889	-0,688391
4890	-0,419922	4890	4,72168	4890	4	4890	-0,645442
4891	-0,424805	4891	4,69238	4891	4	4891	-0,617226
4892	-0,410156	4892	4,67285	4892	4	4892	-0,602839
4893	-0,405273	4893	4,61914	4893	4	4893	-0,538426
4894	-0,410156	4894	4,60449	4894	4	4894	-0,532063
4895	-0,395508	4895	4,56543	4895	4	4895	-0,489128
4896	-0,390625	4896	4,54102	4896	4	4896	-0,467936
4897	-0,366211	4897	4,52637	4897	4	4897	-0,460185
4898	-0,361328	4898	4,33594	4898	4	4898	-0,198711
4899	-0,366211	4899	4,47266	4899	4	4899	-0,420026
4900	-0,366211	4900	4,44336	4900	4	4900	-0,387517
4901	-0,371094	4901	4,42383	4901	4	4901	-0,369619
4902	-0,371094	4902	4,40918	4902	4	4902	-0,358436
4903	-0,356445	4903	4,37012	4903	4	4903	-0,311558
4904	-0,351563	4904	4,39941	4904	4	4904	-0,364284
4905	-0,356445	4905	4,3457	4905	4	4905	-0,293528
4906	-0,322266	4906	4,32617	4906	4	4906	-0,274963
4907	-0,327148	4907	4,31152	4907	4	4907	-0,263235
4908	-0,317383	4908	4,28711	4908	4	4908	-0,23695
4909	-0,3125	4909	4,27246	4909	4	4909	-0,225031
4910	-0,317383	4910	4,2627	4910	4	4910	-0,219629
4911	-0,317383	4911	4,25293	4911	4	4911	-0,213433
4912	-0,283203	4912	4,23828	4912	4	4912	-0,199576
4913	-0,283203	4913	4,22852	4913	4	4913	-0,192587
4914	-0,283203	4914	4,22852	4914	4	4914	-0,19912
4915	-0,283203	4915	4,22852	4915	4	4915	-0,204465
4916	-0,283203	4916	4,22852	4916	4	4916	-0,208838
4917	-0,27832	4917	4,22852	4917	4	4917	-0,212416
4918	-0,283203	4918	4,22363	4918	4	4918	-0,20833
4919	-0,283203	4919	4,22363	4919	4	4919	-0,211113
4920	-0,283203	4920	4,22363	4920	4	4920	-0,213389
4921	-0,288086	4921	4,22852	4921	4	4921	-0,222265
4922	-0,283203	4922	4,22363	4922	4	4922	-0,216388
4923	-0,288086	4923	4,22852	4923	4	4923	-0,224719
4924	-0,283203	4924	4,22363	4924	4	4924	-0,218396
4925	-0,288086	4925	4,18457	4925	4	4925	-0,163244
4926	-0,288086	4926	4,23828	4926	4	4926	-0,244265
4927	-0,288086	4927	4,25781	4927	4	4927	-0,271229
4928	-0,283203	4928	4,25293	4928	4	4928	-0,261777
4929	-0,283203	4929	4,25293	4929	4	4929	-0,260168
4930	-0,288086	4930	4,25293	4930	4	4930	-0,258852
4931	-0,15625	4931	4,35059	4931	4	4931	-0,398036
4932	-0,151367	4932	4,27246	4932	4	4932	-0,2772
4933	-0,15625	4933	4,27734	4933	4	4933	-0,283352
4934	-0,151367	4934	4,27734	4934	4	4934	-0,282259
4935	-0,151367	4935	4,27734	4935	4	4935	-0,281366
4936	-0,15625	4936	4,27734	4936	4	4936	-0,280634
4937	-0,151367	4937	4,27734	4937	4	4937	-0,280036
4938	-0,151367	4938	4,27734	4938	4	4938	-0,279547
4939	-0,146484	4939	4,27734	4939	4	4939	-0,279146
4940	-0,151367	4940	4,27246	4940	4	4940	-0,271806
4941	-0,151367	4941	4,27246	4941	4	4941	-0,271925
4942	-0,151367	4942	4,27246	4942	4	4942	-0,272022
4943	-0,151367	4943	4,27246	4943	4	4943	-0,272102
4944	-0,146484	4944	4,27734	4944	4	4944	-0,279181
4945	-0,151367	4945	4,27246	4945	4	4945	-0,271834
4946	-0,151367	4946	4,27734	4946	4	4946	-0,278961
4947	-0,151367	4947	4,22363	4947	4	4947	-0,201524
4948	-0,146484	4948	4,27734	4948	4	4948	-0,282687
4949	-0,151367	4949	4,27734	4949	4	4949	-0,281715
4950	-0,151367	4950	4,27246	4950	4	4950	-0,273908
4951	-0,151367	4951	4,27734	4951	4	4951	-0,280658
4952	-0,15625	4952	4,27734	4952	4	4952	-0,280055
4953	-0,151367	4953	4,42871	4953	4	4953	-0,496966
4954	-0,15625	4954	4,27734	4954	4	4954	-0,267152
4955	-0,151367	4955	4,27246	4955	4	4955	-0,261992
4956	-0,151367	4956	4,27246	4956	4	4956	-0,263896
4957	-0,151367	4957	4,27246	4957	4	4957	-0,265453
4958	-0,151367	4958	4,27246	4958	4	4958	-0,266727
4959	-0,151367	4959	4,27734	4959	4	4959	-0,274783
4960	-0,151367	4960	4,27734	4960	4	4960	-0,275249
4961	-0,15625	4961	4,27734	4961	4	4961	-0,27563
4962	-0,15625	4962	4,27246	4962	4	4962	-0,268928
4963	-0,146484	4963	4,27734	4963	4	4963	-0,276584
4964	-0,15625	4964	4,27734	4964	4	4964	-0,276722
4965	-0,146484	4965	4,27734	4965	4	4965	-0,276835
4966	-0,151367	4966	4,27246	4966	4	4966	-0,269915
4967	-0,151367	4967	4,27246	4967	4	4967	-0,270378
4968	-0,15625	4968	4,27734	4968	4	4968	-0,27777
4969	-0,151367	4969	4,27246	4969	4	4969	-0,270679
4970	-0,15625	4970	4,27246	4970	4	4970	-0,271003
4971	-0,151367	4971	4,28223	4971	4	4971	-0,285294
4972	-0,146484	4972	4,27246	4972	4	4972	-0,270711
4973	-0,15625	4973	4,27734	4973	4	4973	-0,278042
4974	-0,151367	4974	4,27246	4974	4	4974	-0,270902
4975	-0,15625	4975	4,27734	4975	4	4975	-0,278199
4976	-0,151367	4976	4,27734	4976	4	4976	-0,278043
4977	-0,151367	4977	4,27246	4977	4	4977	-0,270903
4978	-0,151367	4978	4,27734	4978	4	4978	-0,278199
4979	-0,151367	4979	4,27246	4979	4	4979	-0,271031
4980	-0,151367	4980	4,27734	4980	4	4980	-0,278304
4981	-0,151367	4981	4,27246	4981	4	4981	-0,271117
4982	-0,146484	4982	4,27734	4982	4	4982	-0,278374
4983	-0,15625	4983	4,32617	4983	4	4983	-0,348317
4984	-0,151367	4984	4,27246	4984	4	4984	-0,267147
4985	-0,151367	4985	4,27734	4985	4	4985	-0,275127
4986	-0,151367	4986	4,27246	4986	4	4986	-0,268517
4987	-0,161133	4987	4,27734	4987	4	4987	-0,276247
4988	-0,151367	4988	4,27734	4988	4	4988	-0,276447
4989	-0,131836	4989	4,27246	4989	4	4989	-0,269597
4990	-0,15625	4990	4,27734	4990	4	4990	-0,277131
4991	-0,151367	4991	4,27246	4991	4	4991	-0,270156
4992	-0,15625	4992	4,27734	4992	4	4992	-0,277589
4993	-0,161133	4993	4,27246	4993	4	4993	-0,270531
4994	-0,146484	4994	4,27734	4994	4	4994	-0,277895
4995	-0,15625	4995	4,26758	4995	4	4995	-0,263769
4996	-0,151367	4996	4,27734	4996	4	4996	-0,278488
4997	-0,15625	4997	4,27734	4997	4	4997	-0,27828
4998	-0,151367	4998	4,27246	4998	4	4998	-0,271097
4999	-0,151367	4999	4,27734	4999	4	4999	-0,278358
5000	-0,15625	5000	4,27246	5000	4	5000	-0,27116
5001	-0,146484	5001	4,27734	5001	4	5001	-0,27841
5002	-0,151367	5002	4,38477	5002	4	5002	-0,432503
5003	-0,146484	5003	4,27246	5003	4	5003	-0,262524
5004	-0,151367	5004	4,27734	5004	4	5004	-0,271344
5005	-0,151367	5005	4,27246	5005	4	5005	-0,265422
5006	-0,151367	5006	4,27734	5006	4	5006	-0,273715
5007	-0,15625	5007	4,27246	5007	4	5007	-0,267362
5008	-0,151367	5008	4,27246	5008	4	5008	-0,268289
5009	-0,151367	5009	4,27734	5009	4	5009	-0,27606
5010	-0,151367	5010	4,27246	5010	4	5010	-0,269281
5011	-0,15625	5011	4,27734	5011	4	5011	-0,276872
5012	-0,15625	5012	4,27246	5012	4	5012	-0,269945
5013	-0,151367	5013	4,27734	5013	4	5013	-0,277416
5014	-0,15625	5014	4,27734	5014	4	5014	-0,277403
5015	-0,146484	5015	4,27246	5015	4	5015	-0,270379
5016	-0,15625	5016	4,27246	5016	4	5016	-0,270758
5017	-0,151367	5017	4,27734	5017	4	5017	-0,27808
5018	-0,151367	5018	4,24316	5018	4	5018	-0,228855
5019	-0,15625	5019	4,28223	5019	4	5019	-0,287561
5020	-0,15625	5020	4,26758	5020	4	5020	-0,265552
5021	-0,15625	5021	4,27734	5021	4	5021	-0,279947
5022	-0,151367	5022	4,27246	5022	4	5022	-0,272461
5023	-0,15625	5023	4,27734	5023	4	5023	-0,279474
5024	-0,151367	5024	4,39941	5024	4	5024	-0,454412
5025	-0,151367	5025	4,27246	5025	4	5025	-0,262074
5026	-0,161133	5026	4,27246	5026	4	5026	-0,263962
5027	-0,151367	5027	4,27734	5027	4	5027	-0,272521
5028	-0,151367	5028	4,27734	5028	4	5028	-0,273398
5029	-0,151367	5029	4,27246	5029	4	5029	-0,267102
5030	-0,15625	5030	4,27734	5030	4	5030	-0,27509
5031	-0,15625	5031	4,27246	5031	4	5031	-0,268487
5032	-0,151367	5032	4,27246	5032	4	5032	-0,269209
5033	-0,15625	5033	4,27246	5033	4	5033	-0,269801
5034	-0,151367	5034	4,27246	5034	4	5034	-0,270284
5035	-0,15625	5035	4,27734	5035	4	5035	-0,277693
5036	-0,15625	5036	4,27246	5036	4	5036	-0,270617
5037	-0,15625	5037	4,27246	5037	4	5037	-0,270952
5038	-0,15625	5038	4,27246	5038	4	5038	-0,271227
5039	-0,151367	5039	4,27246	5039	4	5039	-0,271451
5040	-0,151367	5040	4,28223	5040	4	5040	-0,285661
5041	-0,151367	5041	4,27734	5041	4	5041	-0,278023
5042	-0,15625	5042	4,27246	5042	4	5042	-0,270887
5043	-0,151367	5043	4,27246	5043	4	5043	-0,271173
5044	-0,151367	5044	4,27246	5044	4	5044	-0,271407
5045	-0,15625	5045	4,11133	5045	4	5045	-0,0401695
5046	-0,151367	5046	4,11621	5046	4	5046	-0,0601208
5047	-0,151367	5047	4,27246	5047	4	5047	-0,294736
5048	-0,151367	5048	4,27734	5048	4	5048	-0,297699
5049	-0,151367	5049	4,27734	5049	4	5049	-0,293998
5050	-0,151367	5050	4,27246	5050	4	5050	-0,283957
5051	-0,151367	5051	4,27246	5051	4	5051	-0,281867
5052	-0,161133	5052	4,27734	5052	4	5052	-0,28717
5053	-0,15625	5053	4,27246	5053	4	5053	-0,27837
5054	-0,151367	5054	4,27734	5054	4	5054	-0,284309
5055	-0,151367	5055	4,27734	5055	4	5055	-0,283043
5056	-0,146484	5056	4,27734	5056	4	5056	-0,282006
5057	-0,151367	5057	4,27246	5057	4	5057	-0,274146
5058	-0,146484	5058	4,27246	5058	4	5058	-0,273839
5059	-0,15625	5059	4,28223	5059	4	5059	-0,287615
5060	-0,146484	5060	4,27246	5060	4	5060	-0,272609
5061	-0,15625	5061	4,27246	5061	4	5061	-0,272582
5062	-0,151367	5062	4,27246	5062	4	5062	-0,27256
5063	-0,151367	5063	4,27734	5063	4	5063	-0,279555
5064	-0,151367	5064	4,27734	5064	4	5064	-0,279153
5065	-0,161133	5065	4,27734	5065	4	5065	-0,278824
5066	-0,151367	5066	4,27734	5066	4	5066	-0,278555
5067	-0,146484	5067	4,11621	5067	4	5067	-0,0469055
5068	-0,15625	5068	4,27246	5068	4	5068	-0,283923
5069	-0,15625	5069	4,27246	5069	4	5069	-0,281839
5070	-0,151367	5070	4,27246	5070	4	5070	-0,280134
5071	-0,15625	5071	4,27734	5071	4	5071	-0,285752
5072	-0,151367	5072	4,27246	5072	4	5072	-0,27721
5073	-0,151367	5073	4,41895	5073	4	5073	-0,486737
5074	-0,151367	5074	4,27246	5074	4	5074	-0,264021
5075	-0,15625	5075	4,27734	5075	4	5075	-0,272569
5076	-0,151367	5076	4,27246	5076	4	5076	-0,266424
5077	-0,151367	5077	4,27246	5077	4	5077	-0,267522
5078	-0,15625	5078	4,27734	5078	4	5078	-0,275433
5079	-0,15625	5079	4,27246	5079	4	5079	-0,268767
5080	-0,166016	5080	4,27734	5080	4	5080	-0,276452
5081	-0,166016	5081	4,27246	5081	4	5081	-0,269601
5082	-0,166016	5082	4,27246	5082	4	5082	-0,270121
5083	-0,166016	5083	4,27734	5083	4	5083	-0,27756
5084	-0,166016	5084	4,27246	5084	4	5084	-0,270508
5085	-0,166016	5085	4,27734	5085	4	5085	-0,277876
5086	-0,166016	5086	4,27246	5086	4	5086	-0,270766
5087	-0,166016	5087	4,27734	5087	4	5087	-0,278087
5088	-0,166016	5088	4,28223	5088	4	5088	-0,284965
5089	-0,166016	5089	4,2627	5089	4	5089	-0,256415
5090	-0,166016	5090	4,27734	5090	4	5090	-0,278596
5091	-0,166016	5091	4,27246	5091	4	5091	-0,271356
5092	-0,170898	5092	4,27734	5092	4	5092	-0,27857
5093	-0,166016	5093	4,27246	5093	4	5093	-0,271334
5094	-0,15625	5094	4,27246	5094	4	5094	-0,271539
5095	-0,166016	5095	4,27246	5095	4	5095	-0,271707
5096	-0,166016	5096	4,27246	5096	4	5096	-0,271844
5097	-0,166016	5097	4,27734	5097	4	5097	-0,278969
5098	-0,166016	5098	4,27246	5098	4	5098	-0,271661
5099	-0,170898	5099	4,27734	5099	4	5099	-0,278819
5100	-0,166016	5100	4,27246	5100	4	5100	-0,271538
5101	-0,166016	5101	4,27246	5101	4	5101	-0,271706
5102	-0,170898	5102	4,28223	5102	4	5102	-0,285869
5103	-0,166016	5103	4,27246	5103	4	5103	-0,271181
5104	-0,166016	5104	4,27734	5104	4	5104	-0,278427
5105	-0,166016	5105	4,27246	5105	4	5105	-0,271217
5106	-0,161133	5106	4,27246	5106	4	5106	-0,271443
5107	-0,161133	5107	4,27246	5107	4	5107	-0,271628
5108	-0,166016	5108	4,27246	5108	4	5108	-0,27178
5109	-0,170898	5109	4,28223	5109	4	5109	-0,28593
5110	-0,166016	5110	4,27246	5110	4	5110	-0,27123
5111	-0,170898	5111	4,27246	5111	4	5111	-0,271454
5112	-0,166016	5112	4,27734	5112	4	5112	-0,27865
5113	-0,170898	5113	4,27246	5113	4	5113	-0,2714
5114	-0,170898	5114	4,28223	5114	4	5114	-0,285619
5115	-0,161133	5115	4,27734	5115	4	5115	-0,277989
5116	-0,166016	5116	4,27734	5116	4	5116	-0,277872
5117	-0,161133	5117	4,27734	5117	4	5117	-0,277776
5118	-0,166016	5118	4,27734	5118	4	5118	-0,277697
5119	-0,166016	5119	4,27246	5119	4	5119	-0,27062
5120	-0,166016	5120	4,27734	5120	4	5120	-0,277968
5121	-0,170898	5121	4,27246	5121	4	5121	-0,270842
5122	-0,166016	5122	4,27734	5122	4	5122	-0,278149
5123	-0,166016	5123	4,27734	5123	4	5123	-0,278003
5124	-0,161133	5124	4,27734	5124	4	5124	-0,277883
5125	-0,166016	5125	4,27734	5125	4	5125	-0,277785
5126	-0,166016	5126	4,27734	5126	4	5126	-0,277705
5127	-0,170898	5127	4,27734	5127	4	5127	-0,277639
5128	-0,166016	5128	4,28223	5128	4	5128	-0,284599
5129	-0,166016	5129	4,27246	5129	4	5129	-0,270141
5130	-0,166016	5130	4,27734	5130	4	5130	-0,277576
5131	-0,170898	5131	4,27246	5131	4	5131	-0,270521
5132	-0,166016	5132	4,28223	5132	4	5132	-0,2849
5133	-0,166016	5133	4,27246	5133	4	5133	-0,270388
5134	-0,166016	5134	4,27734	5134	4	5134	-0,277778
5135	-0,166016	5135	4,27246	5135	4	5135	-0,270686
5136	-0,166016	5136	4,27734	5136	4	5136	-0,278022
5137	-0,170898	5137	4,27734	5137	4	5137	-0,277899
5138	-0,170898	5138	4,14551	5138	4	5138	-0,0884464
5139	-0,170898	5139	4,27246	5139	4	5139	-0,28116
5140	-0,166016	5140	4,27246	5140	4	5140	-0,279578
5141	-0,170898	5141	4,27734	5141	4	5141	-0,285297
5142	-0,170898	5142	4,28223	5142	4	5142	-0,290864
5143	-0,166016	5143	4,27246	5143	4	5143	-0,275268
5144	-0,166016	5144	4,27734	5144	4	5144	-0,281771
5145	-0,161133	5145	4,27246	5145	4	5145	-0,273953
5146	-0,170898	5146	4,27734	5146	4	5146	-0,280695
5147	-0,166016	5147	4,27246	5147	4	5147	-0,273072
5148	-0,175781	5148	4,27246	5148	4	5148	-0,272961
5149	-0,170898	5149	4,27246	5149	4	5149	-0,27287
5150	-0,166016	5150	4,27734	5150	4	5150	-0,279809
5151	-0,170898	5151	4,27734	5151	4	5151	-0,279361
5152	-0,166016	5152	4,27246	5152	4	5152	-0,271981
5153	-0,166016	5153	4,27246	5153	4	5153	-0,272068
5154	-0,170898	5154	4,27246	5154	4	5154	-0,27214
5155	-0,166016	5155	4,27734	5155	4	5155	-0,279211
5156	-0,170898	5156	4,27246	5156	4	5156	-0,271859
5157	-0,161133	5157	4,27734	5157	0	5157	-6,02404
5158	-0,161133	5158	4,27734	5158	0	5158	-5,70646
5159	-0,166016	5159	4,27734	5159	0	5159	-5,44661
5160	-0,180664	5160	4,25293	5160	0	5160	-5,19895
5161	-0,175781	5161	4,22852	5161	0	5161	-4,99188
5162	-0,493164	5162	4,17969	5162	0	5162	-4,78295
5163	-0,605469	5163	4,12109	5163	0	5163	-4,58911
5164	-0,756836	5164	4,03809	5164	0	5164	-4,38479
5165	-0,825195	5165	3,96484	5165	0	5165	-4,21656
5166	-0,922852	5166	3,94043	5166	0	5166	-4,13572
5167	-1,00586	5167	3,75977	5167	0	5167	-3,84073
5168	-1,08398	5168	3,64258	5168	0	5168	-3,6577
5169	-1,14746	5169	3,53027	5169	0	5169	-3,49365
5170	-1,19629	5170	3,39356	5170	0	5170	-3,30395
5171	-1,25	5171	3,24707	5171	0	5171	-3,10985
5172	-1,2793	5172	3,13965	5172	0	5172	-2,98051
5173	-1,31836	5173	2,97852	5173	0	5173	-2,77802
5174	-1,32813	5174	2,83691	5174	0	5174	-2,61109
5175	-1,35254	5175	2,69531	5175	0	5175	-2,44878
5176	-1,36719	5176	2,54395	5176	0	5176	-2,2762
5177	-1,36719	5177	2,40234	5177	0	5177	-2,1215
5178	-1,38184	5178	2,22656	5178	0	5178	-1,9201
5179	-1,35742	5179	1,96289	5179	0	5179	-1,59712
5180	-1,3916	5180	1,92383	5180	0	5180	-1,60752
5181	-1,41602	5181	1,77734	5181	0	5181	-1,45464
5182	-1,39648	5182	1,62598	5182	0	5182	-1,29591
5183	-1,38184	5183	1,45996	5183	0	5183	-1,11748
5184	-1,38672	5184	1,31836	5184	0	5184	-0,976375
5185	-1,3623	5185	1,17188	5185	0	5185	-0,828165
5186	-1,34277	5186	1,01563	5186	0	5186	-0,666242
5187	-1,33301	5187	0,893555	5187	0	5187	-0,554443
5188	-1,30859	5188	0,732422	5188	0	5188	-0,384671
5189	-1,30371	5189	0,595703	5189	0	5189	-0,251536
5190	-1,26953	5190	0,43457	5190	0	5190	-0,0826833
5191	-1,24512	5191	0,317383	5191	0	5191	0,0216482
5192	-1,24512	5192	0,166016	5192	0	5192	0,177408
5193	-1,23535	5193	0,0341797	5193	0	5193	0,304318
5194	-1,19141	5194	-0,0878906	5194	0	5194	0,418097
5195	-1,17188	5195	-0,234375	5195	0	5195	0,568448
5196	-1,14258	5196	-0,361328	5196	0	5196	0,690045
5197	-1,09375	5197	-0,488281	5197	0	5197	0,812615
5198	-1,06934	5198	-0,571289	5198	0	5198	0,872865
5199	-1,03516	5199	-0,668945	5199	0	5199	0,958292
5200	-0,961914	5200	-0,795899	5200	0	5200	1,08802
5201	-0,927734	5201	-0,878906	5201	0	5201	1,15413
5202	-0,878906	5202	-0,961914	5202	0	5202	1,22331
5203	-0,844727	5203	-1,06445	5203	0	5203	1,32305
5204	-0,795899	5204	-1,14258	5204	0	5204	1,38824
5205	-0,742188	5205	-1,20605	5205	0	5205	1,43474
5206	-0,712891	5206	-1,25	5206	0	5206	1,45628
5207	-0,673828	5207	-1,30859	5207	0	5207	1,50293
5208	-0,629883	5208	-1,37207	5208	0	5208	1,55877
5209	-0,605469	5209	-1,43066	5209	0	5209	1,60898
5210	-0,532227	5210	-1,45996	5210	0	5210	1,61863
5211	-0,493164	5211	-1,49414	5211	0	5211	1,63887
5212	-0,415039	5212	-1,53809	5212	0	5212	1,67568
5213	-0,419922	5213	-1,54785	5213	0	5213	1,66468
5214	-0,43457	5214	-1,57227	5214	0	5214	1,67851
5215	-0,356445	5215	-1,58203	5215	0	5215	1,67322
5216	-0,351563	5216	-1,59668	5216	0	5216	1,67768
5217	-0,351563	5217	-1,58691	5217	0	5217	1,64892
5218	-0,34668	5218	-1,59668	5218	0	5218	1,65167
5219	-0,371094	5219	-1,58691	5219	0	5219	1,62765
5220	-0,361328	5220	-1,58203	5220	0	5220	1,61323
5221	-0,351563	5221	-1,5625	5221	0	5221	1,5795
5222	-0,117188	5222	-1,54785	5222	0	5222	1,55537
5223	-0,12207	5223	-1,52344	5223	0	5223	1,51894
5224	0,078125	5224	-1,48438	5224	0	5224	1,46365
5225	0,0195313	5225	-1,45508	5225	0	5225	1,42534
5226	0,0439453	5226	-1,44531	5226	0	5226	1,41672
5227	0,0390625	5227	-1,4209	5227	0	5227	1,38686
5228	0,0683594	5228	-1,3916	5228	0	5228	1,35097
5229	0,0390625	5229	-1,35254	5229	0	5229	1,30225
5230	0,078125	5230	-1,31348	5230	0	5230	1,25529
5231	0,117188	5231	-1,28906	5231	0	5231	1,23081
5232	0,136719	5232	-1,25977	5232	0	5232	1,19932
5233	0,126953	5233	-1,19141	5233	0	5233	1,11213
5234	0,146484	5234	-1,17188	5234	0	5234	1,09849
5235	0,161133	5235	-1,12793	5235	0	5235	1,04872
5236	0,161133	5236	-1,0791	5236	0	5236	0,992989
5237	0,161133	5237	-1,06445	5237	0	5237	0,987607
5238	0,170898	5238	-1,00098	5238	0	5238	0,91041
5239	0,166016	5239	-0,957031	5239	0	5239	0,86376
5240	0,170898	5240	-0,90332	5240	0	5240	0,803576
5241	0,175781	5241	-0,859375	5241	0	5241	0,758594
5242	0,175781	5242	-0,830078	5242	0	5242	0,73484
5243	0,161133	5243	-0,795899	5243	0	5243	0,703066
5244	0,161133	5244	-0,766602	5244	0	5244	0,677867
5245	0,146484	5245	-0,712891	5245	0	5245	0,616857
5246	0,15625	5246	-0,65918	5246	0	5246	0,557175
5247	0,166016	5247	-0,605469	5247	0	5247	0,498579
5248	0,151367	5248	-0,59082	5248	0	5248	0,496975
5249	0,136719	5249	-0,546875	5249	0	5249	0,450921
5250	0,117188	5250	-0,527344	5250	0	5250	0,440315
5251	0,126953	5251	-0,463867	5251	0	5251	0,36497
5252	0,112305	5252	-0,449219	5252	0	5252	0,361913
5253	0,117188	5253	-0,419922	5253	0	5253	0,335709
5254	0,0732422	5254	-0,385742	5254	0	5254	0,301929
5255	0,078125	5255	-0,341797	5255	0	5255	0,254051
5256	0,0634766	5256	-0,327148	5256	0	5256	0,248966
5257	0,078125	5257	-0,292969	5257	0	5257	0,21409
5258	0,0634766	5258	-0,268555	5258	0	5258	0,193367
5259	0,0585938	5259	-0,224609	5259	0	5259	0,143921
5260	0,0537109	5260	-0,185547	5260	0	5260	0,102488
5261	0,0341797	5261	-0,175781	5261	0	5261	0,103564
5262	0,0292969	5262	-0,151367	5262	0	5262	0,0816293
5263	0,0195313	5263	-0,126953	5263	0	5263	0,0592441
5264	0,0390625	5264	-0,0927734	5264	0	5264	0,022464
5265	0,0292969	5265	-0,0683594	5265	0	5265	0,000182765
5266	0,00976563	5266	-0,0488281	5266	0	5266	-0,0154733
5267	-0,00976563	5267	-0,0244141	5267	0	5267	-0,0388469
5268	-0,0146484	5268	-0,0292969	5268	0	5268	-0,0203317
5269	-0,0244141	5269	0	5269	0	5269	-0,0533862
5270	-0,0244141	5270	0,00976563	5270	0	5270	-0,0577054
5271	-0,0341797	5271	0,0292969	5271	0	5271	-0,077041
5272	-0,0439453	5272	0,0439453	5272	0	5272	-0,0893991
5273	-0,0292969	5273	0,0732422	5273	0	5273	-0,123213
5274	-0,0439453	5274	0,0683594	5274	0	5274	-0,107114
5275	-0,0439453	5275	0,107422	5275	0	5275	-0,156172
5276	-0,0341797	5276	0,0976563	5276	0	5276	-0,133282
5277	-0,0830078	5277	0,136719	5277	0	5277	-0,182908
5278	-0,0634766	5278	0,112305	5278	0	5278	-0,139445
5279	-0,078125	5279	0,136719	5279	0	5279	-0,169575
5280	-0,0537109	5280	0,131836	5280	0	5280	-0,156588
5281	-0,0830078	5281	0,126953	5281	0	5281	-0,145075
5282	-0,0732422	5282	0,126953	5282	0	5282	-0,14178
5283	-0,078125	5283	0,12207	5283	0	5283	-0,132071
5284	-0,0585938	5284	0,12207	5284	0	5284	-0,130253
5285	-0,0683594	5285	0,131836	5285	0	5285	-0,142791
5286	-0,0830078	5286	0,27832	5286	0	5286	-0,35119
5287	-0,0878906	5287	0,126953	5287	0	5287	-0,120537
5288	-0,0683594	5288	0,117188	5288	0	5288	-0,107677
5289	-0,078125	5289	0,126953	5289	0	5289	-0,123433
5290	-0,078125	5290	0,126953	5290	0	5290	-0,124073
5291	-0,0585938	5291	0,112305	5291	0	5291	-0,103557
5292	-0,0585938	5292	0,0976563	5292	0	5292	-0,0841088
5293	-0,0732422	5293	0,112305	5293	0	5293	-0,107611
5294	-0,0732422	5294	0,0976563	5294	0	5294	-0,0874254
5295	-0,0634766	5295	0,0878906	5295	0	5295	-0,0752596
5296	-0,185547	5296	0,0878906	5296	0	5296	-0,0775562
5297	-0,200195	5297	0,0634766	5297	0	5297	-0,0443701
5298	-0,19043	5298	0,0732422	5298	0	5298	-0,0618701
5299	-0,19043	5299	0,0732422	5299	0	5299	-0,0639378
5300	-0,205078	5300	0,0830078	5300	0	5300	-0,0796556
5301	-0,126953	5301	0,0683594	5301	0	5301	-0,0592261
5302	-0,200195	5302	0,0585938	5302	0	5302	-0,0468607
5303	-0,200195	5303	0,0537109	5303	0	5303	-0,041981
5304	-0,200195	5304	0,0390625	5304	0	5304	-0,0230747
5305	-0,205078	5305	0,0537109	5305	0	5305	-0,0470207
5306	-0,185547	5306	0,0390625	5306	0	5306	-0,0271981
5307	-0,19043	5307	0,0390625	5307	0	5307	-0,0293553
5308	-0,185547	5308	0,0439453	5308	0	5308	-0,0381333
5309	-0,195313	5309	0,0439453	5309	0	5309	-0,0391901
5310	-0,180664	5310	0,0390625	5310	0	5310	-0,0330417
5311	-0,180664	5311	0,0537109	5311	0	5311	-0,0551754
5312	-0,185547	5312	0,0537109	5312	0	5312	-0,0549092
5313	-0,19043	5313	0,0683594	5313	0	5313	-0,0757303
5314	-0,195313	5314	0,0537109	5314	0	5314	-0,0533511
5315	-0,195313	5315	0,0732422	5315	0	5315	-0,0814686
5316	-0,161133	5316	0,0634766	5316	0	5316	-0,0659468
5317	-0,19043	5317	0,0585938	5317	0	5317	-0,0584846
5318	-0,200195	5318	0,0634766	5318	0	5318	-0,0655175
5319	-0,195313	5319	0,0634766	5319	0	5319	-0,0651464
5320	-0,200195	5320	0,0585938	5320	0	5320	-0,0578298
5321	-0,19043	5321	0,0585938	5321	0	5321	-0,0579687
5322	-0,195313	5322	0,0634766	5322	0	5322	-0,0650954
5323	-0,195313	5323	0,0634766	5323	0	5323	-0,064801
5324	-0,195313	5324	0,0683594	5324	0	5324	-0,0715732
5325	-0,19043	5325	0,0634766	5325	0	5325	-0,0639759
5326	-0,205078	5326	0,0683594	5326	0	5326	-0,0708981
5327	-0,195313	5327	0,0585938	5327	0	5327	-0,0564105
5328	-0,19043	5328	0,0683594	5328	0	5328	-0,0708335
5329	-0,19043	5329	0,0537109	5329	0	5329	-0,0493446
5330	-0,195313	5330	0,0585938	5330	0	5330	-0,0571515
5331	-0,19043	5331	0,0634766	5331	0	5331	-0,0644267
5332	-0,185547	5332	0,0439453	5332	0	5332	-0,0362019
5333	-0,185547	5333	0,0537109	5333	0	5333	-0,0516359
5334	-0,185547	5334	0,0537109	5334	0	5334	-0,0520132
5335	-0,195313	5335	0,0585938	5335	0	5335	-0,0593349
5336	-0,195313	5336	0,0585938	5336	0	5336	-0,0592001
5337	-0,19043	5337	0,0634766	5337	0	5337	-0,0661029
5338	-0,195313	5338	0,0537109	5338	0	5338	-0,0515993
5339	-0,200195	5339	0,0341797	5339	0	5339	-0,0239312
5340	-0,19043	5340	0,0683594	5340	0	5340	-0,0748857
5341	-0,205078	5341	0,0585938	5341	0	5341	-0,0596731
5342	-0,19043	5342	0,0634766	5342	0	5342	-0,0664898
5343	-0,19043	5343	0,0439453	5343	0	5343	-0,0378899
5344	-0,195313	5344	0,0683594	5344	0	5344	-0,074056
5345	-0,19043	5345	0,0585938	5345	0	5345	-0,0589942
5346	-0,19043	5346	0,0537109	5346	0	5346	-0,0519084
5347	-0,19043	5347	0,0683594	5347	0	5347	-0,0732752
5348	-0,195313	5348	0,0732422	5348	0	5348	-0,0793944
5349	-0,195313	5349	0,0634766	5349	0	5349	-0,0642497
5350	-0,205078	5350	0,0732422	5350	0	5350	-0,0781352
5351	-0,200195	5351	0,0683594	5351	0	5351	-0,0702325
5352	-0,185547	5352	0,0439453	5352	0	5352	-0,0348269
5353	-0,200195	5353	0,0634766	5353	0	5353	-0,0645369
5354	-0,200195	5354	0,0634766	5354	0	5354	-0,0643441
5355	-0,195313	5355	0,0634766	5355	0	5355	-0,0641863
5356	-0,19043	5356	0,0537109	5356	0	5356	-0,0500313
5357	-0,19043	5357	0,0732422	5357	0	5357	-0,0787524
5358	-0,200195	5358	0,0537109	5358	0	5358	-0,0496984
5359	-0,205078	5359	0,078125	5359	0	5359	-0,0854931
5360	-0,185547	5360	0,0537109	5360	0	5360	-0,0490883
5361	-0,205078	5361	0,0683594	5361	0	5361	-0,0709679
5362	-0,19043	5362	0,0488281	5362	0	5362	-0,0424415
5363	-0,195313	5363	0,0537109	5363	0	5363	-0,0506158
5364	-0,19043	5364	0,0537109	5364	0	5364	-0,0511785
5365	-0,200195	5365	0,0634766	5365	0	5365	-0,065665
5366	-0,195313	5366	0,0585938	5366	0	5366	-0,0582541
5367	-0,195313	5367	0,0585938	5367	0	5367	-0,0583159
5368	-0,200195	5368	0,0683594	5368	0	5368	-0,0723924
5369	-0,175781	5369	0,0488281	5369	0	5369	-0,0436071
5370	-0,185547	5370	0,0634766	5370	0	5370	-0,0655954
5371	-0,19043	5371	0,0488281	5371	0	5371	-0,0441711
5372	-0,180664	5372	0,0585938	5372	0	5372	-0,0590439
5373	-0,200195	5373	0,0585938	5373	0	5373	-0,058962
5374	-0,195313	5374	0,0585938	5374	0	5374	-0,0588951
5375	-0,180664	5375	0,0537109	5375	0	5375	-0,0518273
5376	-0,195313	5376	0,0585938	5376	0	5376	-0,0591828
5377	-0,195313	5377	0,0585938	5377	0	5377	-0,0590757
5378	-0,185547	5378	0,0634766	5378	0	5378	-0,0660011
5379	-0,195313	5379	0,0537109	5379	0	5379	-0,051516
5380	-0,185547	5380	0,0439453	5380	0	5380	-0,0378891
5381	-0,195313	5381	0,0488281	5381	0	5381	-0,0460033
5382	-0,200195	5382	0,0732422	5382	0	5382	-0,081582
5383	-0,185547	5383	0,0537109	5383	0	5383	-0,0520135
5384	-0,200195	5384	0,0683594	5384	0	5384	-0,0733612
5385	-0,185547	5385	0,0537109	5385	0	5385	-0,0514127
5386	-0,195313	5386	0,0732422	5386	0	5386	-0,0798827
5387	-0,185547	5387	0,0439453	5387	0	5387	-0,0365972
5388	-0,19043	5388	0,0683594	5388	0	5388	-0,0729983
5389	-0,195313	5389	0,0585938	5389	0	5389	-0,0581288
5390	-0,195313	5390	0,0585938	5390	0	5390	-0,0582134
5391	-0,200195	5391	0,0537109	5391	0	5391	-0,0512695
5392	-0,19043	5392	0,0537109	5392	0	5392	-0,0517134
5393	-0,195313	5393	0,0585938	5393	0	5393	-0,0590896
5394	-0,180664	5394	0,0537109	5394	0	5394	-0,0519864
5395	-0,185547	5395	0,0488281	5395	0	5395	-0,045287
5396	-0,19043	5396	0,0634766	5396	0	5396	-0,0669699
5397	-0,209961	5397	0,0732422	5397	0	5397	-0,0803608
5398	-0,185547	5398	0,0683594	5398	0	5398	-0,0720534
5399	-0,195313	5399	0,0585938	5399	0	5399	-0,0573557
5400	-0,200195	5400	0,0537109	5400	0	5400	-0,0505678
5401	-0,195313	5401	0,0585938	5401	0	5401	-0,0581523
5402	-0,19043	5402	0,0634766	5402	0	5402	-0,0652456
5403	-0,185547	5403	0,0732422	5403	0	5403	-0,07895
5404	-0,19043	5404	0,0634766	5404	0	5404	-0,0638862
5405	-0,195313	5405	0,0634766	5405	0	5405	-0,0638117
5406	-0,185547	5406	0,0585938	5406	0	5406	-0,0567377
5407	-0,200195	5407	0,0634766	5407	0	5407	-0,0640882
5408	-0,19043	5408	0,0537109	5408	0	5408	-0,049951
5409	-0,195313	5409	0,0585938	5409	0	5409	-0,0576476
5410	-0,185547	5410	0,0683594	5410	0	5410	-0,0718457
5411	-0,19043	5411	0,0683594	5411	0	5411	-0,0712118
5412	-0,180664	5412	0,0732422	5412	0	5412	-0,0777062
5413	-0,200195	5413	0,0732422	5413	0	5413	-0,0768945
5414	-0,19043	5414	0,0683594	5414	0	5414	-0,0692174
5415	-0,195313	5415	0,0634766	5415	0	5415	-0,0620484
5416	-0,19043	5416	0,0585938	5416	0	5416	-0,0552951
5417	-0,195313	5417	0,0585938	5417	0	5417	-0,0558948
5418	-0,200195	5418	0,0634766	5418	0	5418	-0,0633986
5419	-0,185547	5419	0,0585938	5419	0	5419	-0,0563997
5420	-0,185547	5420	0,0537109	5420	0	5420	-0,0497856
5421	-0,195313	5421	0,0634766	5421	0	5421	-0,0645254
5422	-0,185547	5422	0,0439453	5422	0	5422	-0,0362826
5423	-0,200195	5423	0,0634766	5423	0	5423	-0,0657279
5424	-0,205078	5424	0,0683594	5424	0	5424	-0,0723316
5425	-0,205078	5425	0,0732422	5425	0	5425	-0,0786224
5426	-0,19043	5426	0,0488281	5426	0	5426	-0,0425791
5427	-0,180664	5427	0,0585938	5427	0	5427	-0,0577413
5428	-0,180664	5428	0,0537109	5428	0	5428	-0,0508833
5429	-0,19043	5429	0,0634766	5429	0	5429	-0,0654235
5430	-0,19043	5430	0,0585938	5430	0	5430	-0,0580565
5431	-0,195313	5431	0,0634766	5431	0	5431	-0,0651672
5432	-0,19043	5432	0,0488281	5432	0	5432	-0,0438207
5433	-0,180664	5433	0,0537109	5433	0	5433	-0,0517442
5434	-0,185547	5434	0,0537109	5434	0	5434	-0,0521018
5435	-0,170898	5435	0,0585938	5435	0	5435	-0,0594074
5436	-0,205078	5436	0,0732422	5436	0	5436	-0,0802985
5437	-0,19043	5437	0,0488281	5437	0	5437	-0,0439504
5438	-0,195313	5438	0,0537109	5438	0	5438	-0,0518503
5439	-0,200195	5439	0,0585938	5439	0	5439	-0,0592016
5440	-0,185547	5440	0,0488281	5440	0	5440	-0,0450651
5441	-0,185547	5441	0,0634766	5441	0	5441	-0,0667883
5442	-0,200195	5442	0,0537109	5442	0	5442	-0,0521601
5443	-0,185547	5443	0,0585938	5443	0	5443	-0,0594551
5444	-0,175781	5444	0,0634766	5444	0	5444	-0,0663115
5445	-0,170898	5445	0,0537109	5445	0	5445	-0,05177
5446	-0,166016	5446	0,0488281	5446	0	5446	-0,0451099
5447	-0,161133	5447	0,0683594	5447	0	5447	-0,073838
5448	-0,161133	5448	0,0585938	5448	0	5448	-0,0588159
5449	-0,0830078	5449	0,0488281	5449	0	5449	-0,0447494
5450	-0,166016	5450	0,0634766	5450	0	5450	-0,0665301
5451	-0,161133	5451	0,0585938	5451	0	5451	-0,0589619
5452	-0,166016	5452	0,0634766	5452	0	5452	-0,065908
5453	-0,166016	5453	0,0683594	5453	0	5453	-0,0724789
5454	-0,161133	5454	0,0732422	5454	0	5454	-0,0787429
5455	-0,166016	5455	0,0585938	5455	0	5455	-0,0567037
5456	-0,15625	5456	0,0585938	5456	0	5456	-0,0570473
5457	-0,166016	5457	0,0585938	5457	0	5457	-0,0573285
5458	-0,170898	5458	0,0634766	5458	0	5458	-0,0645716
5459	-0,175781	5459	0,0683594	5459	0	5459	-0,0713855
5460	-0,170898	5460	0,0585938	5460	0	5460	-0,0568093
5461	-0,166016	5461	0,0488281	5461	0	5461	-0,0431077
5462	-0,175781	5462	0,0683594	5462	0	5462	-0,0721999
5463	-0,170898	5463	0,0634766	5463	0	5463	-0,0644886
5464	-0,175781	5464	0,0830078	5464	0	5464	-0,0923566
5465	-0,15625	5465	0,0585938	5465	0	5465	-0,0555917
5466	-0,170898	5466	0,0537109	5466	0	5466	-0,0491245
5467	-0,170898	5467	0,0585938	5467	0	5467	-0,0569715
5468	-0,166016	5468	0,0683594	5468	0	5468	-0,0712925
5469	-0,175781	5469	0,0683594	5469	0	5469	-0,0707592
5470	-0,166016	5470	0,0634766	5470	0	5470	-0,0633098
5471	-0,166016	5471	0,0634766	5471	0	5471	-0,0633401
5472	-0,175781	5472	0,0537109	5472	0	5472	-0,0493389
5473	-0,170898	5473	0,0683594	5473	0	5473	-0,0711729
5474	-0,175781	5474	0,0537109	5474	0	5474	-0,0496223
5475	-0,161133	5475	0,0732422	5475	0	5475	-0,0784178
5476	-0,180664	5476	0,0732422	5476	0	5476	-0,0774767
5477	-0,166016	5477	0,200195	5477	0	5477	-0,259045
5478	-0,175781	5478	0,0585938	5478	0	5478	-0,0449675
5479	-0,161133	5479	0,0585938	5479	0	5479	-0,0474451
5480	-0,170898	5480	0,0732422	5480	0	5480	-0,0705112
5481	-0,166016	5481	0,0634766	5481	0	5481	-0,0569817
5482	-0,166016	5482	0,0488281	5482	0	5482	-0,0371236
5483	-0,15625	5483	0,0537109	5483	0	5483	-0,0462647
5484	-0,180664	5484	0,0537109	5484	0	5484	-0,0476186
5485	-0,15625	5485	0,0585938	5485	0	5485	-0,0557394
5486	-0,175781	5486	0,0537109	5486	0	5486	-0,0492453
5487	-0,166016	5487	0,0585938	5487	0	5487	-0,0570703
5488	-0,161133	5488	0,0537109	5488	0	5488	-0,0503343
5489	-0,161133	5489	0,0634766	5489	0	5489	-0,0649743
5490	-0,151367	5490	0,0439453	5490	0	5490	-0,0366499
5491	-0,166016	5491	0,0537109	5491	0	5491	-0,0520024
5492	-0,161133	5492	0,0732422	5492	0	5492	-0,0803651
5493	-0,170898	5493	0,0634766	5493	0	5493	-0,065044
5494	-0,175781	5494	0,0634766	5494	0	5494	-0,064759
5495	-0,15625	5495	0,0634766	5495	0	5495	-0,0645258
5496	-0,170898	5496	0,0537109	5496	0	5496	-0,050309
5497	-0,175781	5497	0,0537109	5497	0	5497	-0,0509276
5498	-0,161133	5498	0,0537109	5498	0	5498	-0,0514336
5499	-0,166016	5499	0,0732422	5499	0	5499	-0,0798998
5500	-0,175781	5500	0,0683594	5500	0	5500	-0,0716763
5501	-0,161133	5501	0,0732422	5501	0	5501	-0,0780862
5502	-0,175781	5502	0,0683594	5502	0	5502	-0,0701924
5503	-0,175781	5503	0,0634766	5503	0	5503	-0,0628461
5504	-0,175781	5504	0,0537109	5504	0	5504	-0,0489347
5505	-0,166016	5505	0,0585938	5505	0	5505	-0,0568162
5506	-0,166016	5506	0,0585938	5506	0	5506	-0,0571394
5507	-0,161133	5507	0,078125	5507	0	5507	-0,0854559
5508	-0,15625	5508	0,0732422	5508	0	5508	-0,0771099
5509	-0,175781	5509	0,0634766	5509	0	5509	-0,0623807
5510	-0,170898	5510	0,0732422	5510	0	5510	-0,076606
5511	-0,166016	5511	0,0585938	5511	0	5511	-0,0549553
5512	-0,161133	5512	0,0488281	5512	0	5512	-0,0415908
5513	-0,170898	5513	0,0634766	5513	0	5513	-0,0639458
5514	-0,185547	5514	0,0634766	5514	0	5514	-0,0638605
5515	-0,180664	5515	0,0634766	5515	0	5515	-0,0637907
5516	-0,15625	5516	0,0683594	5516	0	5516	-0,0707466
5517	-0,170898	5517	0,0585938	5517	0	5517	-0,0562865
5518	-0,161133	5518	0,0488281	5518	0	5518	-0,04268
5519	-0,175781	5519	0,0732422	5519	0	5519	-0,0788629
5520	-0,166016	5520	0,0537109	5520	0	5520	-0,0497889
5521	-0,166016	5521	0,0537109	5521	0	5521	-0,050502
5522	-0,166016	5522	0,0683594	5522	0	5522	-0,0721245
5523	-0,175781	5523	0,0537109	5523	0	5523	-0,0504009
5524	-0,170898	5524	0,0634766	5524	0	5524	-0,0650288
5525	-0,107422	5525	0,0537109	5525	0	5525	-0,0507205
5526	-0,170898	5526	0,0537109	5526	0	5526	-0,0512642
5527	-0,175781	5527	0,0732422	5527	0	5527	-0,0797612
5528	-0,166016	5528	0,0634766	5528	0	5528	-0,0645498
5529	-0,166016	5529	0,0585938	5529	0	5529	-0,0573417
5530	-0,166016	5530	0,0634766	5530	0	5530	-0,0645823
5531	-0,170898	5531	0,0634766	5531	0	5531	-0,0643813
5532	-0,175781	5532	0,0585938	5532	0	5532	-0,0572038
5533	-0,161133	5533	0,0683594	5533	0	5533	-0,0714825
5534	-0,180664	5534	0,0683594	5534	0	5534	-0,0709147
5535	-0,161133	5535	0,0634766	5535	0	5535	-0,0634371
5536	-0,170898	5536	0,0585938	5536	0	5536	-0,0564312
5537	-0,166016	5537	0,0390625	5537	0	5537	-0,0287724
5538	-0,180664	5538	0,0634766	5538	0	5538	-0,0657084
5539	-0,151367	5539	0,0585938	5539	0	5539	-0,0582896
5540	-0,161133	5540	0,0683594	5540	0	5540	-0,0723709
5541	-0,175781	5541	0,0683594	5541	0	5541	-0,0716415
5542	-0,166016	5542	0,0537109	5542	0	5542	-0,0500057
5543	-0,170898	5543	0,0585938	5543	0	5543	-0,0576924
5544	-0,15625	5544	0,0585938	5544	0	5544	-0,0578563
5545	-0,166016	5545	0,0585938	5545	0	5545	-0,0579904
5546	-0,166016	5546	0,0537109	5546	0	5546	-0,0510871
5547	-0,146484	5547	0,0634766	5547	0	5547	-0,0655902
5548	-0,180664	5548	0,078125	5548	0	5548	-0,0862449
5549	-0,180664	5549	0,0537109	5549	0	5549	-0,0497035
5550	-0,170898	5550	0,0732422	5550	0	5550	-0,0784842
5551	-0,166016	5551	0,0634766	5551	0	5551	-0,063505
5552	-0,166016	5552	0,0585938	5552	0	5552	-0,0564868
5553	-0,170898	5553	0,0634766	5553	0	5553	-0,0638829
5554	-0,15625	5554	0,0634766	5554	0	5554	-0,0638091
5555	-0,15625	5555	0,0585938	5555	0	5555	-0,0567356
5556	-0,175781	5556	0,0537109	5556	0	5556	-0,0500604
5557	-0,161133	5557	0,0439453	5557	0	5557	-0,0366981
5558	-0,161133	5558	0,0634766	5558	0	5558	-0,0660679
5559	-0,161133	5559	0,0634766	5559	0	5559	-0,0655967
5560	-0,175781	5560	0,0537109	5560	0	5560	-0,0511852
5561	-0,170898	5561	0,0732422	5561	0	5561	-0,0796965
5562	-0,175781	5562	0,0634766	5562	0	5562	-0,0644969
5563	-0,15625	5563	0,0585938	5563	0	5563	-0,0572984
5564	-0,166016	5564	0,0634766	5564	0	5564	-0,0645469
5565	-0,166016	5565	0,0585938	5565	0	5565	-0,0573393
5566	-0,170898	5566	0,0683594	5566	0	5566	-0,0715934
5567	-0,166016	5567	0,0585938	5567	0	5567	-0,0569794
5568	-0,170898	5568	0,0585938	5568	0	5568	-0,0572729
5569	-0,161133	5569	0,0732422	5569	0	5569	-0,0785521
5570	-0,170898	5570	-0,0585938	5570	0	5570	0,111765
5571	-0,15625	5571	0,0488281	5571	0	5571	-0,0521892
5572	-0,170898	5572	0,0585938	5572	0	5572	-0,0656042
5573	-0,161133	5573	0,0537109	5573	0	5573	-0,0573165
5574	-0,166016	5574	0,0634766	5574	0	5574	-0,070687
5575	-0,161133	5575	0,0585938	5575	0	5575	-0,0623629
5576	-0,166016	5576	0,0585938	5576	0	5576	-0,0616776
5577	-0,151367	5577	0,0634766	5577	0	5577	-0,0681299
5578	-0,170898	5578	0,0634766	5578	0	5578	-0,0672838
5579	-0,170898	5579	0,0585938	5579	0	5579	-0,0595786
5580	-0,170898	5580	0,0634766	5580	0	5580	-0,0664125
5581	-0,166016	5581	0,0488281	5581	0	5581	-0,0448397
5582	-0,161133	5582	0,0634766	5582	0	5582	-0,0666039
5583	-0,166016	5583	0,0683594	5583	0	5583	-0,0730483
5584	-0,170898	5584	0,0683594	5584	0	5584	-0,0721957
5585	-0,166016	5585	0,146484	5585	0	5585	-0,183706
5586	-0,175781	5586	0,078125	5586	0	5586	-0,0787564
5587	-0,161133	5587	0,0585938	5587	0	5587	-0,0505896
5588	-0,180664	5588	0,0634766	5588	0	5588	-0,0590579
5589	-0,151367	5589	0,0585938	5589	0	5589	-0,0528483
5590	-0,15625	5590	0,0634766	5590	0	5590	-0,060906
5591	-0,161133	5591	0,0634766	5591	-4	5591	-5,80644
5592	-0,166016	5592	0,0488281	5592	-4	5592	-5,46849
5593	-0,180664	5593	0,0488281	5593	-4	5593	-5,21036
5594	-0,170898	5594	0,0341797	5594	-4	5594	-4,97813
5595	-0,410156	5595	0	5595	-4	5595	-4,75741
5596	-0,551758	5596	-0,0683594	5596	-4	5596	-4,52151
5597	-0,654297	5597	-0,136719	5597	-4	5597	-4,31608
5598	-0,732422	5598	-0,185547	5598	-4	5598	-4,16362
5599	-0,820313	5599	-0,288086	5599	-4	5599	-3,95286
5600	-0,913086	5600	-0,385742	5600	-4	5600	-3,76879
5601	-0,952149	5601	-0,46875	5601	-4	5601	-3,62147
5602	-1,01074	5602	-0,585938	5602	-4	5602	-3,43675
5603	-1,06934	5603	-0,688477	5603	-4	5603	-3,28536
5604	-1,10352	5604	-0,820313	5604	-4	5604	-3,10076
5605	-1,15723	5605	-0,917969	5605	-4	5605	-2,97485
5606	-1,20117	5606	-1,0498	5606	-4	5606	-2,80499
5607	-1,21582	5607	-1,17676	5607	-4	5607	-2,64905
5608	-1,25977	5608	-1,32324	5608	-4	5608	-2,47033
5609	-1,24023	5609	-1,48438	5609	-4	5609	-2,27644
5610	-1,28418	5610	-1,59668	5610	-4	5610	-2,15863
5611	-1,32813	5611	-1,75781	5611	-4	5611	-1,97169
5612	-1,31836	5612	-1,90918	5612	-4	5612	-1,80347
5613	-1,30859	5613	-2,03125	5613	-4	5613	-1,68039
5614	-1,30859	5614	-2,20215	5614	-4	5614	-1,48736
5615	-1,30371	5615	-2,33398	5615	-4	5615	-1,35447
5616	-1,28906	5616	-2,48535	5616	-4	5616	-1,19371
5617	-1,2793	5617	-2,60254	5617	-4	5617	-1,08375
5618	-1,28418	5618	-2,74414	5618	-4	5618	-0,937412
5619	-1,26465	5619	-2,74902	5619	-4	5619	-0,9883
5620	-1,25977	5620	-3,02734	5620	-4	5620	-0,636318
5621	-1,26465	5621	-3,16406	5621	-4	5621	-0,501108
5622	-1,25	5622	-3,29102	5622	-4	5622	-0,379649
5623	-1,24023	5623	-3,4082	5623	-4	5623	-0,271217
5624	-1,21094	5624	-3,56934	5624	-4	5624	-0,0980758
5625	-1,20605	5625	-3,68164	5625	-4	5625	0,00275174
5626	-1,18164	5626	-3,81348	5626	-4	5626	0,133718
5627	-1,14258	5627	-3,92578	5627	-4	5627	0,236791
5628	-1,1084	5628	-4,04785	5628	-4	5628	0,355568
5629	-1,09375	5629	-4,16016	5629	-4	5629	0,460917
5630	-1,03027	5630	-4,28711	5630	-4	5630	0,588571
5631	-1,01074	5631	-4,38477	5631	-4	5631	0,674019
5632	-0,981445	5632	-4,48242	5632	-4	5632	0,761687
5633	-0,932617	5633	-4,56543	5633	-4	5633	0,830131
5634	-0,893555	5634	-4,67773	5634	-4	5634	0,943302
5635	-0,849609	5635	-4,74609	5635	-4	5635	0,993198
5636	-0,810547	5636	-4,84375	5636	-4	5636	1,08853
5637	-0,766602	5637	-4,92188	5637	-4	5637	1,15623
5638	-0,737305	5638	-4,98535	5638	-4	5638	1,20479
5639	-0,703125	5639	-5,04395	5639	-4	5639	1,24905
5640	-0,644531	5640	-5,12207	5640	-4	5640	1,32396
5641	-0,620117	5641	-5,1709	5641	-4	5641	1,35739
5642	-0,585938	5642	-5,22461	5642	-4	5642	1,40062
5643	-0,566406	5643	-5,27344	5643	-4	5643	1,43875
5644	-0,507813	5644	-5,32715	5644	-4	5644	1,48583
5645	-0,498047	5645	-5,35156	5645	-4	5645	1,49205
5646	-0,449219	5646	-5,35645	5646	-4	5646	1,47352
5647	-0,43457	5647	-5,39551	5647	-4	5647	1,50833
5648	-0,395508	5648	-5,41504	5648	-4	5648	1,51587
5649	-0,380859	5649	-5,43945	5649	-4	5649	1,5326
5650	-0,385742	5650	-5,4541	5650	-4	5650	1,53671
5651	-0,288086	5651	-5,4541	5651	-4	5651	1,52169
5652	-0,268555	5652	-5,4541	5652	-4	5652	1,5094
5653	-0,27832	5653	-5,4541	5653	-4	5653	1,49934
5654	-0,283203	5654	-5,44434	5654	-4	5654	1,47709
5655	-0,0537109	5655	-5,43457	5655	-4	5655	1,45711
5656	-0,0634766	5656	-5,38574	5656	-4	5656	1,38288
5657	-0,0683594	5657	-5,40039	5657	-4	5657	1,40444
5658	-0,0488281	5658	-5,37109	5658	-4	5658	1,36163
5659	-0,0292969	5659	-5,35156	5659	-4	5659	1,3353
5660	-0,00976563	5660	-5,3125	5660	-4	5660	1,28215
5661	-0,0244141	5661	-5,29297	5661	-4	5661	1,25962
5662	0,0195313	5662	-5,26856	5662	-4	5662	1,23062
5663	0,0146484	5663	-5,23926	5663	-4	5663	1,19544
5664	0,0439453	5664	-5,20996	5664	-4	5664	1,16133
5665	0,0537109	5665	-5,18555	5665	-4	5665	1,1351
5666	0,0830078	5666	-5,15137	5666	-4	5666	1,09518
5667	0,0878906	5667	-5,12695	5667	-4	5667	1,07033
5668	0,0976563	5668	-5,08789	5668	-4	5668	1,02452
5669	0,0927734	5669	-5,03906	5669	-4	5669	0,965916
5670	0,112305	5670	-5,01953	5670	-4	5670	0,951164
5671	0,12207	5671	-4,96582	5671	-4	5671	0,886451
5672	0,107422	5672	-4,94629	5672	-4	5672	0,872831
5673	0,102539	5673	-4,91699	5673	-4	5673	0,844109
5674	0,107422	5674	-4,86328	5674	-4	5674	0,780218
5675	0,126953	5675	-4,83887	5675	-4	5675	0,760255
5676	0,141602	5676	-4,79492	5676	-4	5676	0,711432
5677	0,126953	5677	-4,76074	5677	-4	5677	0,677521
5678	0,126953	5678	-4,73145	5678	-4	5678	0,650575
5679	0,12207	5679	-4,70215	5679	-4	5679	0,623201
5680	0,12207	5680	-4,63867	5680	-4	5680	0,546386
5681	0,112305	5681	-4,63867	5681	-4	5681	0,563166
5682	0,0976563	5682	-4,56543	5682	-4	5682	0,471699
5683	0,0830078	5683	-4,5459	5683	-4	5683	0,46069
5684	0,0878906	5684	-4,52637	5684	-4	5684	0,44813
5685	0,0878906	5685	-4,48242	5685	-4	5685	0,399239
5686	0,0927734	5686	-4,45313	5686	-4	5686	0,372285
5687	0,0830078	5687	-4,42871	5687	-4	5687	0,351919
5688	0,0683594	5688	-4,37988	5688	-4	5688	0,295751
5689	0,0732422	5689	-4,36523	5689	-4	5689	0,290009
5690	0,0683594	5690	-4,33106	5690	-4	5690	0,254596
5691	0,0634766	5691	-4,29688	5691	-4	5691	0,219407
5692	0,0488281	5692	-4,29688	5692	-4	5692	0,233492
5693	0,0390625	5693	-4,2627	5693	-4	5693	0,195926
5694	0,00488281	5694	-4,2334	5694	-4	5694	0,165988
5695	0	5695	-4,21875	5695	-4	5695	0,157206
5696	-0,00976563	5696	-4,18457	5696	-4	5696	0,119305
5697	-0,00488281	5697	-4,16504	5697	-4	5697	0,103119
5698	0	5698	-4,16016	5698	-4	5698	0,107365
5699	0,00488281	5699	-4,15527	5699	-4	5699	0,109951
5700	-0,00488281	5700	-4,12109	5700	-4	5700	0,0691002
5701	-0,0292969	5701	-4,08691	5701	-4	5701	0,0294628
5702	-0,0341797	5702	-4,09668	5702	-4	5702	0,0539348
5703	-0,0341797	5703	-4,07227	5703	-4	5703	0,0266418
5704	-0,0390625	5704	-4,07715	5704	-4	5704	0,0419503
5705	-0,0585938	5705	-4,04785	5705	-4	5705	0,00627207
5706	-0,0585938	5706	-4,04297	5706	-4	5706	0,00681921
5707	-0,0732422	5707	-4,03809	5707	-4	5707	0,00637906
5708	-0,0634766	5708	-4,01856	5708	-4	5708	-0,0159079
5709	-0,0683594	5709	-4,02344	5709	-4	5709	-0,00262876
5710	-0,0830078	5710	-4,01367	5710	-4	5710	-0,0119153
5711	-0,102539	5711	-3,97949	5711	-4	5711	-0,056354
5712	-0,078125	5712	-3,98926	5712	-4	5712	-0,0358103
5713	-0,0878906	5713	-3,99902	5713	-4	5713	-0,0172262
5714	-0,0976563	5714	-3,99414	5714	-4	5714	-0,000245569
