Amostra - Velocidade C/AI0+	Amplitude - Velocidade C/AI0+	Amostra - Set-point	Amplitude - Set-point	Amostra - Esf controle	Amplitude - Esf controle
3215	-0,0341797	3215	0	3215	0,70728
3216	-0,0439453	3216	0	3216	0,90936
3217	-0,0488281	3217	0	3217	1,0104
3218	-0,0488281	3218	0	3218	1,0104
3219	-0,0390625	3219	0	3219	0,80832
3220	-0,0341797	3220	0	3220	0,70728
3221	-0,0292969	3221	0	3221	0,60624
3222	-0,0390625	3222	0	3222	0,80832
3223	-0,0390625	3223	0	3223	0,80832
3224	-0,0390625	3224	0	3224	0,80832
3225	-0,0390625	3225	0	3225	0,80832
3226	-0,0341797	3226	0	3226	0,70728
3227	0	3227	0	3227	0
3228	0	3228	0	3228	0
3229	0	3229	0	3229	0
3230	0,00488281	3230	0	3230	-0,10104
3231	0,00976563	3231	0	3231	-0,20208
3232	-0,0244141	3232	0	3232	0,5052
3233	-0,0292969	3233	0	3233	0,60624
3234	-0,0292969	3234	0	3234	0,60624
3235	-0,0537109	3235	0	3235	1,11144
3236	-0,0488281	3236	0	3236	1,0104
3237	-0,0537109	3237	0	3237	1,11144
3238	-0,0439453	3238	0	3238	0,90936
3239	-0,0439453	3239	0	3239	0,90936
3240	-0,0390625	3240	0	3240	0,80832
3241	-0,0439453	3241	0	3241	0,90936
3242	-0,0341797	3242	0	3242	0,70728
3243	-0,0341797	3243	0	3243	0,70728
3244	-0,0292969	3244	0	3244	0,60624
3245	-0,0292969	3245	0	3245	0,60624
3246	-0,00976563	3246	0	3246	0,20208
3247	-0,00488281	3247	0	3247	0,10104
3248	-0,00976563	3248	0	3248	0,20208
3249	0	3249	0	3249	0
3250	-0,00488281	3250	0	3250	0,10104
3251	-0,0244141	3251	0	3251	0,5052
3252	-0,0292969	3252	0	3252	0,60624
3253	-0,0244141	3253	0	3253	0,5052
3254	-0,0390625	3254	0	3254	0,80832
3255	-0,0341797	3255	0	3255	0,70728
3256	-0,0341797	3256	0	3256	0,70728
3257	-0,0195313	3257	0	3257	0,40416
3258	-0,0195313	3258	0	3258	0,40416
3259	-0,0244141	3259	0	3259	0,5052
3260	-0,0244141	3260	0	3260	0,5052
3261	-0,0244141	3261	0	3261	0,5052
3262	-0,0341797	3262	0	3262	0,70728
3263	-0,0390625	3263	0	3263	0,80832
3264	-0,0390625	3264	0	3264	0,80832
3265	-0,0195313	3265	0	3265	0,40416
3266	-0,0195313	3266	0	3266	0,40416
3267	0,00488281	3267	0	3267	-0,10104
3268	0	3268	0	3268	0
3269	0	3269	0	3269	0
3270	-0,0195313	3270	0	3270	0,40416
3271	-0,0195313	3271	0	3271	0,40416
3272	-0,0244141	3272	0	3272	0,5052
3273	-0,0488281	3273	0	3273	1,0104
3274	-0,0488281	3274	0	3274	1,0104
3275	-0,0488281	3275	0	3275	1,0104
3276	-0,0341797	3276	0	3276	0,70728
3277	-0,0341797	3277	0	3277	0,70728
3278	-0,0341797	3278	0	3278	0,70728
3279	-0,0292969	3279	0	3279	0,60624
3280	-0,0341797	3280	0	3280	0,70728
3281	-0,0292969	3281	0	3281	0,60624
3282	-0,0439453	3282	0	3282	0,90936
3283	-0,0488281	3283	0	3283	1,0104
3284	-0,0439453	3284	0	3284	0,90936
3285	-0,0195313	3285	0	3285	0,40416
3286	-0,0146484	3286	0	3286	0,30312
3287	0,0146484	3287	0	3287	-0,30312
3288	0,00488281	3288	0	3288	-0,10104
3289	0	3289	0	3289	0
3290	0	3290	0	3290	0
3291	0	3291	0	3291	0
3292	-0,0390625	3292	0	3292	0,80832
3293	-0,0341797	3293	0	3293	0,70728
3294	-0,0341797	3294	0	3294	0,70728
3295	-0,0439453	3295	0	3295	0,90936
3296	-0,0488281	3296	0	3296	1,0104
3297	-0,0439453	3297	0	3297	0,90936
3298	-0,0390625	3298	0	3298	0,80832
3299	-0,0390625	3299	0	3299	0,80832
3300	-0,0390625	3300	0	3300	0,80832
3301	-0,0488281	3301	0	3301	1,0104
3302	-0,0439453	3302	0	3302	0,90936
3303	-0,0488281	3303	0	3303	1,0104
3304	-0,0244141	3304	0	3304	0,5052
3305	-0,0244141	3305	0	3305	0,5052
3306	0,0634766	3306	0	3306	-1,31352
3307	0,0244141	3307	0	3307	-0,5052
3308	0,00976563	3308	0	3308	-0,20208
3309	0,0195313	3309	0	3309	-0,40416
3310	0,0244141	3310	0	3310	-0,5052
3311	-0,0390625	3311	0	3311	0,80832
3312	-0,0537109	3312	0	3312	1,11144
3313	-0,0439453	3313	0	3313	0,90936
3314	-0,0341797	3314	0	3314	0,70728
3315	-0,0683594	3315	0	3315	1,41456
3316	-0,078125	3316	0	3316	1,61664
3317	-0,0537109	3317	0	3317	1,11144
3318	-0,078125	3318	0	3318	1,61664
3319	-0,0341797	3319	0	3319	0,70728
3320	-0,0390625	3320	0	3320	0,80832
3321	-0,0195313	3321	0	3321	0,40416
3322	-0,0292969	3322	0	3322	0,60624
3323	0,00976563	3323	0	3323	-0,20208
3324	-0,00488281	3324	0	3324	0,10104
3325	0,00976563	3325	0	3325	-0,20208
3326	0,00488281	3326	0	3326	-0,10104
3327	0	3327	0	3327	0
3328	0,00488281	3328	0	3328	-0,10104
3329	-0,00488281	3329	0	3329	0,10104
3330	-0,0390625	3330	0	3330	0,80832
3331	-0,0488281	3331	0	3331	1,0104
3332	-0,0390625	3332	0	3332	0,80832
3333	-0,0488281	3333	0	3333	1,0104
3334	-0,0634766	3334	0	3334	1,31352
3335	-0,0439453	3335	0	3335	0,90936
3336	-0,0244141	3336	0	3336	0,5052
3337	-0,0244141	3337	0	3337	0,5052
3338	-0,0195313	3338	0	3338	0,40416
3339	-0,0292969	3339	0	3339	0,60624
3340	-0,0341797	3340	0	3340	0,70728
3341	-0,0341797	3341	0	3341	0,70728
3342	-0,0341797	3342	0	3342	0,70728
3343	-0,0439453	3343	0	3343	0,90936
3344	-0,0585938	3344	0	3344	1,21248
3345	-0,0244141	3345	0	3345	0,5052
3346	-0,0195313	3346	0	3346	0,40416
3347	0	3347	0	3347	0
3348	0	3348	0	3348	0
3349	-0,00488281	3349	0	3349	0,10104
3350	-0,0146484	3350	0	3350	0,30312
3351	-0,00976563	3351	0	3351	0,20208
3352	-0,00976563	3352	0	3352	0,20208
3353	-0,0244141	3353	0	3353	0,5052
3354	-0,0244141	3354	0	3354	0,5052
3355	-0,0244141	3355	0	3355	0,5052
3356	-0,0244141	3356	0	3356	0,5052
3357	-0,0244141	3357	0	3357	0,5052
3358	-0,0439453	3358	0	3358	0,90936
3359	-0,0488281	3359	0	3359	1,0104
3360	-0,0439453	3360	0	3360	0,90936
3361	-0,0439453	3361	0	3361	0,90936
3362	-0,0488281	3362	0	3362	1,0104
3363	-0,0537109	3363	0	3363	1,11144
3364	-0,00488281	3364	0	3364	0,10104
3365	-0,0195313	3365	0	3365	0,40416
3366	0,0244141	3366	0	3366	-0,5052
3367	0,0195313	3367	0	3367	-0,40416
3368	0,00976563	3368	0	3368	-0,20208
3369	0,00976563	3369	0	3369	-0,20208
3370	0,00976563	3370	0	3370	-0,20208
3371	-0,0341797	3371	0	3371	0,70728
3372	-0,0292969	3372	0	3372	0,60624
3373	-0,0292969	3373	0	3373	0,60624
3374	-0,0537109	3374	0	3374	1,11144
3375	-0,0537109	3375	0	3375	1,11144
3376	-0,0537109	3376	0	3376	1,11144
3377	-0,0390625	3377	0	3377	0,80832
3378	-0,0585938	3378	0	3378	1,21248
3379	-0,0585938	3379	0	3379	1,21248
3380	-0,0585938	3380	0	3380	1,21248
3381	-0,0488281	3381	0	3381	1,0104
3382	-0,0488281	3382	0	3382	1,0104
3383	-0,00488281	3383	0	3383	0,10104
3384	0	3384	0	3384	0
3385	0,0292969	3385	0	3385	-0,60624
3386	0,0292969	3386	0	3386	-0,60624
3387	0,00976563	3387	0	3387	-0,20208
3388	0,00976563	3388	0	3388	-0,20208
3389	0,0146484	3389	0	3389	-0,30312
3390	-0,0341797	3390	0	3390	0,70728
3391	-0,0341797	3391	0	3391	0,70728
3392	-0,0341797	3392	0	3392	0,70728
3393	-0,0537109	3393	0	3393	1,11144
3394	-0,0537109	3394	0	3394	1,11144
3395	-0,0585938	3395	0	3395	1,21248
3396	-0,0585938	3396	0	3396	1,21248
3397	-0,0488281	3397	0	3397	1,0104
3398	-0,0488281	3398	0	3398	1,0104
3399	-0,0341797	3399	0	3399	0,70728
3400	-0,0341797	3400	2	3400	10
3401	-0,0341797	3401	2	3401	10
3402	-0,00488281	3402	2	3402	10
3403	0,180664	3403	2	3403	10
3404	0,488281	3404	2	3404	10
3405	0,698242	3405	2	3405	10
3406	0,942383	3406	2	3406	10
3407	1,1084	3407	2	3407	10
3408	1,31348	3408	2	3408	10
3409	1,50879	3409	2	3409	10
3410	1,7041	3410	2	3410	6,12302
3411	1,89941	3411	2	3411	2,08142
3412	1,96777	3412	2	3412	0,66686
3413	1,93359	3413	2	3413	1,37414
3414	1,91406	3414	2	3414	1,7783
3415	1,86035	3415	2	3415	2,88974
3416	1,86523	3416	2	3416	2,7887
3417	1,85547	3417	2	3417	2,99078
3418	1,875	3418	2	3418	2,58662
3419	1,85547	3419	2	3419	2,99078
3420	1,86523	3420	2	3420	2,7887
3421	1,86035	3421	2	3421	2,88974
3422	1,875	3422	2	3422	2,58662
3423	1,89453	3423	2	3423	2,18246
3424	1,90918	3424	2	3424	1,87934
3425	1,875	3425	2	3425	2,58662
3426	1,8457	3426	2	3426	3,19286
3427	1,85059	3427	2	3427	3,09182
3428	1,84082	3428	2	3428	3,2939
3429	1,86035	3429	2	3429	2,88974
3430	1,88965	3430	2	3430	2,2835
3431	1,91895	3431	2	3431	1,67726
3432	1,9043	3432	2	3432	1,98038
3433	1,875	3433	2	3433	2,58662
3434	1,85547	3434	2	3434	2,99078
3435	1,83594	3435	2	3435	3,39494
3436	1,85547	3436	2	3436	2,99078
3437	1,89453	3437	2	3437	2,18246
3438	1,88477	3438	2	3438	2,38454
3439	1,88965	3439	2	3439	2,2835
3440	1,86523	3440	2	3440	2,7887
3441	1,84082	3441	2	3441	3,2939
3442	1,85547	3442	2	3442	2,99078
3443	1,88477	3443	2	3443	2,38454
3444	1,90918	3444	2	3444	1,87934
3445	1,87988	3445	2	3445	2,48558
3446	1,85547	3446	2	3446	2,99078
3447	1,8457	3447	2	3447	3,19286
3448	1,85059	3448	2	3448	3,09182
3449	1,87012	3449	2	3449	2,68766
3450	1,875	3450	2	3450	2,58662
3451	1,88477	3451	2	3451	2,38454
3452	1,83105	3452	2	3452	3,49598
3453	1,86523	3453	2	3453	2,7887
3454	1,89941	3454	2	3454	2,08142
3455	1,9043	3455	2	3455	1,98038
3456	1,86523	3456	2	3456	2,7887
3457	1,85547	3457	2	3457	2,99078
3458	1,88477	3458	2	3458	2,38454
3459	1,91406	3459	2	3459	1,7783
3460	1,87988	3460	2	3460	2,48558
3461	1,86523	3461	2	3461	2,7887
3462	1,86523	3462	2	3462	2,7887
3463	1,84082	3463	2	3463	3,2939
3464	1,87012	3464	2	3464	2,68766
3465	1,88965	3465	2	3465	2,2835
3466	1,91406	3466	2	3466	1,7783
3467	1,85547	3467	2	3467	2,99078
3468	1,82617	3468	2	3468	3,59702
3469	1,85059	3469	2	3469	3,09182
3470	1,85547	3470	2	3470	2,99078
3471	1,89453	3471	2	3471	2,18246
3472	1,88477	3472	2	3472	2,38454
3473	1,88477	3473	2	3473	2,38454
3474	1,875	3474	2	3474	2,58662
3475	1,87012	3475	2	3475	2,68766
3476	1,86035	3476	2	3476	2,88974
3477	1,86035	3477	2	3477	2,88974
3478	1,87988	3478	2	3478	2,48558
3479	1,86523	3479	2	3479	2,7887
3480	1,875	3480	2	3480	2,58662
3481	1,86523	3481	2	3481	2,7887
3482	1,87012	3482	2	3482	2,68766
3483	1,86035	3483	2	3483	2,88974
3484	1,86523	3484	2	3484	2,7887
3485	1,87988	3485	2	3485	2,48558
3486	1,90918	3486	2	3486	1,87934
3487	1,87988	3487	2	3487	2,48558
3488	1,86523	3488	2	3488	2,7887
3489	1,85547	3489	2	3489	2,99078
3490	1,8457	3490	2	3490	3,19286
3491	1,85547	3491	2	3491	2,99078
3492	1,87988	3492	2	3492	2,48558
3493	1,89453	3493	2	3493	2,18246
3494	1,9043	3494	2	3494	1,98038
3495	1,87988	3495	2	3495	2,48558
3496	1,8457	3496	2	3496	3,19286
3497	1,85547	3497	2	3497	2,99078
3498	1,87012	3498	2	3498	2,68766
3499	1,89941	3499	2	3499	2,08142
3500	1,87988	3500	2	3500	2,48558
3501	1,85547	3501	2	3501	2,99078
3502	1,85547	3502	2	3502	2,99078
3503	1,85547	3503	2	3503	2,99078
3504	1,86523	3504	2	3504	2,7887
3505	1,875	3505	2	3505	2,58662
3506	1,88477	3506	2	3506	2,38454
3507	1,83105	3507	2	3507	3,49598
3508	1,86523	3508	2	3508	2,7887
3509	1,89941	3509	2	3509	2,08142
3510	1,90918	3510	2	3510	1,87934
3511	1,875	3511	2	3511	2,58662
3512	1,86523	3512	2	3512	2,7887
3513	1,87988	3513	2	3513	2,48558
3514	1,89941	3514	2	3514	2,08142
3515	1,875	3515	2	3515	2,58662
3516	1,85547	3516	2	3516	2,99078
3517	1,86523	3517	2	3517	2,7887
3518	1,8457	3518	2	3518	3,19286
3519	1,875	3519	2	3519	2,58662
3520	1,89941	3520	2	3520	2,08142
3521	1,91406	3521	2	3521	1,7783
3522	1,85547	3522	2	3522	2,99078
3523	1,83105	3523	2	3523	3,49598
3524	1,85547	3524	2	3524	2,99078
3525	1,85547	3525	2	3525	2,99078
3526	1,88477	3526	2	3526	2,38454
3527	1,87988	3527	2	3527	2,48558
3528	1,88965	3528	2	3528	2,2835
3529	1,87988	3529	2	3529	2,48558
3530	1,875	3530	2	3530	2,58662
3531	1,86035	3531	2	3531	2,88974
3532	1,86523	3532	2	3532	2,7887
3533	1,88477	3533	2	3533	2,38454
3534	1,86523	3534	2	3534	2,7887
3535	1,87012	3535	2	3535	2,68766
3536	1,86035	3536	2	3536	2,88974
3537	1,87012	3537	2	3537	2,68766
3538	1,86035	3538	2	3538	2,88974
3539	1,87012	3539	2	3539	2,68766
3540	1,87988	3540	2	3540	2,48558
3541	1,90918	3541	2	3541	1,87934
3542	1,87988	3542	2	3542	2,48558
3543	1,86523	3543	2	3543	2,7887
3544	1,85547	3544	2	3544	2,99078
3545	1,8457	3545	2	3545	3,19286
3546	1,86035	3546	2	3546	2,88974
3547	1,875	3547	2	3547	2,58662
3548	1,88965	3548	2	3548	2,2835
3549	1,89941	3549	2	3549	2,08142
3550	1,87988	3550	2	3550	2,48558
3551	1,86035	3551	2	3551	2,88974
3552	1,85059	3552	2	3552	3,09182
3553	1,84082	3553	2	3553	3,2939
3554	1,9043	3554	2	3554	1,98038
3555	1,88477	3555	2	3555	2,38454
3556	1,86523	3556	2	3556	2,7887
3557	1,86035	3557	2	3557	2,88974
3558	1,85547	3558	2	3558	2,99078
3559	1,87012	3559	2	3559	2,68766
3560	1,88965	3560	2	3560	2,2835
3561	1,87988	3561	2	3561	2,48558
3562	1,83105	3562	2	3562	3,49598
3563	1,86523	3563	2	3563	2,7887
3564	1,89453	3564	2	3564	2,18246
3565	1,89941	3565	2	3565	2,08142
3566	1,875	3566	2	3566	2,58662
3567	1,85547	3567	2	3567	2,99078
3568	1,86035	3568	2	3568	2,88974
3569	1,9043	3569	2	3569	1,98038
3570	1,88477	3570	2	3570	2,38454
3571	1,89453	3571	2	3571	2,18246
3572	1,875	3572	2	3572	2,58662
3573	1,83594	3573	2	3573	3,39494
3574	1,85059	3574	2	3574	3,09182
3575	1,88477	3575	2	3575	2,38454
3576	1,90918	3576	2	3576	1,87934
3577	1,875	3577	2	3577	2,58662
3578	1,83594	3578	2	3578	3,39494
3579	1,85547	3579	2	3579	2,99078
3580	1,86035	3580	2	3580	2,88974
3581	1,88477	3581	2	3581	2,38454
3582	1,87988	3582	2	3582	2,48558
3583	1,87988	3583	2	3583	2,48558
3584	1,87012	3584	2	3584	2,68766
3585	1,85547	3585	2	3585	2,99078
3586	1,86035	3586	2	3586	2,88974
3587	1,87988	3587	2	3587	2,48558
3588	1,89941	3588	2	3588	2,08142
3589	1,87988	3589	2	3589	2,48558
3590	1,87988	3590	2	3590	2,48558
3591	1,85547	3591	2	3591	2,99078
3592	1,85547	3592	2	3592	2,99078
3593	1,85547	3593	2	3593	2,99078
3594	1,86523	3594	2	3594	2,7887
3595	1,87988	3595	2	3595	2,48558
3596	1,91895	3596	2	3596	1,67726
3597	1,88477	3597	2	3597	2,38454
3598	1,87012	3598	2	3598	2,68766
3599	1,85547	3599	2	3599	2,99078
3600	1,85059	3600	2	3600	3,09182
3601	1,86035	3601	2	3601	2,88974
3602	1,875	3602	2	3602	2,58662
3603	1,87988	3603	2	3603	2,48558
3604	1,89941	3604	2	3604	2,08142
3605	1,875	3605	2	3605	2,58662
3606	1,86035	3606	2	3606	2,88974
3607	1,85059	3607	2	3607	3,09182
3608	1,87012	3608	2	3608	2,68766
3609	1,89941	3609	2	3609	2,08142
3610	1,87988	3610	2	3610	2,48558
3611	1,87988	3611	2	3611	2,48558
3612	1,85059	3612	2	3612	3,09182
3613	1,8457	3613	2	3613	3,19286
3614	1,86035	3614	2	3614	2,88974
3615	1,88477	3615	2	3615	2,38454
3616	1,88477	3616	2	3616	2,38454
3617	1,83105	3617	2	3617	3,49598
3618	1,86035	3618	2	3618	2,88974
3619	1,875	3619	2	3619	2,58662
3620	1,9043	3620	2	3620	1,98038
3621	1,90918	3621	2	3621	1,87934
3622	1,86523	3622	2	3622	2,7887
3623	1,86523	3623	2	3623	2,7887
3624	1,89453	3624	2	3624	2,18246
3625	1,875	3625	2	3625	2,58662
3626	1,86523	3626	2	3626	2,7887
3627	1,875	3627	2	3627	2,58662
3628	1,8457	3628	2	3628	3,19286
3629	1,86523	3629	2	3629	2,7887
3630	1,88965	3630	2	3630	2,2835
3631	1,91406	3631	2	3631	1,7783
3632	1,875	3632	2	3632	2,58662
3633	1,83594	3633	2	3633	3,39494
3634	1,85547	3634	2	3634	2,99078
3635	1,85059	3635	2	3635	3,09182
3636	1,87988	3636	2	3636	2,48558
3637	1,90918	3637	2	3637	1,87934
3638	1,88477	3638	2	3638	2,38454
3639	1,86523	3639	2	3639	2,7887
3640	1,8457	3640	2	3640	3,19286
3641	1,86035	3641	2	3641	2,88974
3642	1,86523	3642	2	3642	2,7887
3643	1,88965	3643	2	3643	2,2835
3644	1,875	3644	2	3644	2,58662
3645	1,87988	3645	2	3645	2,48558
3646	1,87012	3646	2	3646	2,68766
3647	1,87012	3647	2	3647	2,68766
3648	1,86035	3648	2	3648	2,88974
3649	1,86523	3649	2	3649	2,7887
3650	1,875	3650	2	3650	2,58662
3651	1,9043	3651	2	3651	1,98038
3652	1,88477	3652	2	3652	2,38454
3653	1,85547	3653	2	3653	2,99078
3654	1,85547	3654	2	3654	2,99078
3655	1,85547	3655	2	3655	2,99078
3656	1,86523	3656	2	3656	2,7887
3657	1,87988	3657	2	3657	2,48558
3658	1,91406	3658	2	3658	1,7783
3659	1,91895	3659	2	3659	1,67726
3660	1,86523	3660	2	3660	2,7887
3661	1,8457	3661	2	3661	3,19286
3662	1,83594	3662	2	3662	3,39494
3663	1,85547	3663	2	3663	2,99078
3664	1,89941	3664	2	3664	2,08142
3665	1,88965	3665	2	3665	2,2835
3666	1,89453	3666	2	3666	2,18246
3667	1,88965	3667	2	3667	2,2835
3668	1,8457	3668	2	3668	3,19286
3669	1,85059	3669	2	3669	3,09182
3670	1,87012	3670	2	3670	2,68766
3671	1,9043	3671	2	3671	1,98038
3672	1,83105	3672	2	3672	3,49598
3673	1,85547	3673	2	3673	2,99078
3674	1,87012	3674	2	3674	2,68766
3675	1,84082	3675	2	3675	3,2939
3676	1,88477	3676	2	3676	2,38454
3677	1,88965	3677	2	3677	2,2835
3678	1,89941	3678	2	3678	2,08142
3679	1,91406	3679	2	3679	1,7783
3680	1,88477	3680	2	3680	2,38454
3681	1,875	3681	2	3681	2,58662
3682	1,875	3682	2	3682	2,58662
3683	1,8457	3683	2	3683	3,19286
3684	1,86035	3684	2	3684	2,88974
3685	1,88477	3685	2	3685	2,38454
3686	1,90918	3686	2	3686	1,87934
3687	1,87988	3687	2	3687	2,48558
3688	1,86523	3688	2	3688	2,7887
3689	1,8457	3689	2	3689	3,19286
3690	1,84082	3690	2	3690	3,2939
3691	1,87012	3691	2	3691	2,68766
3692	1,89941	3692	2	3692	2,08142
3693	1,88477	3693	2	3693	2,38454
3694	1,86523	3694	2	3694	2,7887
3695	1,8457	3695	2	3695	3,19286
3696	1,86523	3696	2	3696	2,7887
3697	1,86035	3697	2	3697	2,88974
3698	1,89453	3698	2	3698	2,18246
3699	1,88477	3699	2	3699	2,38454
3700	1,87988	3700	2	3700	2,48558
3701	1,87012	3701	2	3701	2,68766
3702	1,86035	3702	2	3702	2,88974
3703	1,86035	3703	2	3703	2,88974
3704	1,87012	3704	2	3704	2,68766
3705	1,89453	3705	2	3705	2,18246
3706	1,90918	3706	2	3706	1,87934
3707	1,87988	3707	2	3707	2,48558
3708	1,85547	3708	2	3708	2,99078
3709	1,85547	3709	2	3709	2,99078
3710	1,85547	3710	2	3710	2,99078
3711	1,86035	3711	2	3711	2,88974
3712	1,88477	3712	2	3712	2,38454
3713	1,90918	3713	2	3713	1,87934
3714	1,89941	3714	2	3714	2,08142
3715	1,87012	3715	2	3715	2,68766
3716	1,86035	3716	2	3716	2,88974
3717	1,84082	3717	2	3717	3,2939
3718	1,85059	3718	2	3718	3,09182
3719	1,89941	3719	2	3719	2,08142
3720	1,89453	3720	2	3720	2,18246
3721	1,89453	3721	2	3721	2,18246
3722	1,87012	3722	2	3722	2,68766
3723	1,85059	3723	2	3723	3,09182
3724	1,85547	3724	2	3724	2,99078
3725	1,86523	3725	2	3725	2,7887
3726	1,89941	3726	2	3726	2,08142
3727	1,87988	3727	2	3727	2,48558
3728	1,86523	3728	2	3728	2,7887
3729	1,86523	3729	2	3729	2,7887
3730	1,85547	3730	2	3730	2,99078
3731	1,86523	3731	2	3731	2,7887
3732	1,87012	3732	2	3732	2,68766
3733	1,88477	3733	2	3733	2,38454
3734	1,82617	3734	2	3734	3,59702
3735	1,86035	3735	2	3735	2,88974
3736	1,89941	3736	2	3736	2,08142
3737	1,9043	3737	2	3737	1,98038
3738	1,87988	3738	2	3738	2,48558
3739	1,87012	3739	2	3739	2,68766
3740	1,87988	3740	2	3740	2,48558
3741	1,88965	3741	2	3741	2,2835
3742	1,875	3742	2	3742	2,58662
3743	1,86523	3743	2	3743	2,7887
3744	1,86523	3744	2	3744	2,7887
3745	1,85059	3745	2	3745	3,09182
3746	1,86523	3746	2	3746	2,7887
3747	1,89453	3747	2	3747	2,18246
3748	1,88477	3748	2	3748	2,38454
3749	1,86523	3749	2	3749	2,7887
3750	1,85059	3750	2	3750	3,09182
3751	1,87012	3751	2	3751	2,68766
3752	1,85547	3752	2	3752	2,99078
3753	1,88477	3753	2	3753	2,38454
3754	1,875	3754	2	3754	2,58662
3755	1,87988	3755	2	3755	2,48558
3756	1,86035	3756	2	3756	2,88974
3757	1,86035	3757	2	3757	2,88974
3758	1,875	3758	2	3758	2,58662
3759	1,87988	3759	2	3759	2,48558
3760	1,89941	3760	2	3760	2,08142
3761	1,88965	3761	2	3761	2,2835
3762	1,875	3762	2	3762	2,58662
3763	1,85547	3763	2	3763	2,99078
3764	1,85059	3764	2	3764	3,09182
3765	1,87012	3765	2	3765	2,68766
3766	1,87012	3766	2	3766	2,68766
3767	1,87988	3767	2	3767	2,48558
3768	1,90918	3768	2	3768	1,87934
3769	1,88965	3769	2	3769	2,2835
3770	1,85547	3770	2	3770	2,99078
3771	1,8457	3771	2	3771	3,19286
3772	1,85059	3772	2	3772	3,09182
3773	1,86523	3773	2	3773	2,7887
3774	1,89941	3774	2	3774	2,08142
3775	1,9043	3775	2	3775	1,98038
3776	1,89453	3776	2	3776	2,18246
3777	1,87012	3777	2	3777	2,68766
3778	1,8457	3778	2	3778	3,19286
3779	1,85547	3779	2	3779	2,99078
3780	1,88477	3780	2	3780	2,38454
3781	1,9043	3781	2	3781	1,98038
3782	1,85059	3782	2	3782	3,09182
3783	1,86523	3783	2	3783	2,7887
3784	1,87012	3784	2	3784	2,68766
3785	1,86523	3785	2	3785	2,7887
3786	1,87012	3786	2	3786	2,68766
3787	1,88965	3787	2	3787	2,2835
3788	1,88477	3788	2	3788	2,38454
3789	1,82617	3789	2	3789	3,59702
3790	1,87012	3790	2	3790	2,68766
3791	1,87988	3791	2	3791	2,48558
3792	1,9043	3792	2	3792	1,98038
3793	1,875	3793	2	3793	2,58662
3794	1,86523	3794	2	3794	2,7887
3795	1,87988	3795	2	3795	2,48558
3796	1,90918	3796	2	3796	1,87934
3797	1,87988	3797	2	3797	2,48558
3798	1,86523	3798	2	3798	2,7887
3799	1,86035	3799	2	3799	2,88974
3800	1,8457	3800	2	3800	3,19286
3801	1,87012	3801	2	3801	2,68766
3802	1,89453	3802	2	3802	2,18246
3803	1,89941	3803	2	3803	2,08142
3804	1,875	3804	2	3804	2,58662
3805	1,85059	3805	2	3805	3,09182
3806	1,85059	3806	2	3806	3,09182
3807	1,8457	3807	2	3807	3,19286
3808	1,87988	3808	2	3808	2,48558
3809	1,89453	3809	2	3809	2,18246
3810	1,88477	3810	2	3810	2,38454
3811	1,87012	3811	2	3811	2,68766
3812	1,85547	3812	2	3812	2,99078
3813	1,86035	3813	2	3813	2,88974
3814	1,86523	3814	2	3814	2,7887
3815	1,88965	3815	2	3815	2,2835
3816	1,88965	3816	2	3816	2,2835
3817	1,875	3817	-2	3817	-10
3818	1,85059	3818	-2	3818	-10
3819	1,66016	3819	-2	3819	-10
3820	1,39648	3820	-2	3820	-10
3821	1,17676	3821	-2	3821	-10
3822	0,942383	3822	-2	3822	-10
3823	0,756836	3823	-2	3823	-10
3824	0,546875	3824	-2	3824	-10
3825	0,400391	3825	-2	3825	-10
3826	0,180664	3826	-2	3826	-10
3827	0,175781	3827	-2	3827	-10
3828	0,141602	3828	-2	3828	-10
3829	-0,610352	3829	-2	3829	-10
3830	-0,776367	3830	-2	3830	-10
3831	-0,981445	3831	-2	3831	-10
3832	-1,2207	3832	-2	3832	-10
3833	-1,41113	3833	-2	3833	-10
3834	-1,61133	3834	-2	3834	-8,04278
3835	-1,81152	3835	-2	3835	-3,90014
3836	-1,91895	3836	-2	3836	-1,67726
3837	-1,9873	3837	-2	3837	-0,2627
3838	-1,97266	3838	-2	3838	-0,56582
3839	-1,94824	3839	-2	3839	-1,07102
3840	-1,91406	3840	-2	3840	-1,7783
3841	-1,89453	3841	-2	3841	-2,18246
3842	-1,87012	3842	-2	3842	-2,68766
3843	-1,87988	3843	-2	3843	-2,48558
3844	-1,86523	3844	-2	3844	-2,7887
3845	-1,87988	3845	-2	3845	-2,48558
3846	-1,91406	3846	-2	3846	-1,7783
3847	-1,89453	3847	-2	3847	-2,18246
3848	-1,88965	3848	-2	3848	-2,2835
3849	-1,87988	3849	-2	3849	-2,48558
3850	-1,88965	3850	-2	3850	-2,2835
3851	-1,86035	3851	-2	3851	-2,88974
3852	-1,86523	3852	-2	3852	-2,7887
3853	-1,88477	3853	-2	3853	-2,38454
3854	-1,88965	3854	-2	3854	-2,2835
3855	-1,91406	3855	-2	3855	-1,7783
3856	-1,88965	3856	-2	3856	-2,2835
3857	-1,88477	3857	-2	3857	-2,38454
3858	-1,87988	3858	-2	3858	-2,48558
3859	-1,875	3859	-2	3859	-2,58662
3860	-1,88477	3860	-2	3860	-2,38454
3861	-1,9043	3861	-2	3861	-1,98038
3862	-1,87988	3862	-2	3862	-2,48558
3863	-1,87988	3863	-2	3863	-2,48558
3864	-1,88477	3864	-2	3864	-2,38454
3865	-1,875	3865	-2	3865	-2,58662
3866	-1,875	3866	-2	3866	-2,58662
3867	-1,88477	3867	-2	3867	-2,38454
3868	-1,88477	3868	-2	3868	-2,38454
3869	-1,89941	3869	-2	3869	-2,08142
3870	-1,83594	3870	-2	3870	-3,39494
3871	-1,9043	3871	-2	3871	-1,98038
3872	-1,91895	3872	-2	3872	-1,67726
3873	-1,91895	3873	-2	3873	-1,67726
3874	-1,88477	3874	-2	3874	-2,38454
3875	-1,88477	3875	-2	3875	-2,38454
3876	-1,875	3876	-2	3876	-2,58662
3877	-1,875	3877	-2	3877	-2,58662
3878	-1,91895	3878	-2	3878	-1,67726
3879	-1,89941	3879	-2	3879	-2,08142
3880	-1,88477	3880	-2	3880	-2,38454
3881	-1,87012	3881	-2	3881	-2,68766
3882	-1,875	3882	-2	3882	-2,58662
3883	-1,86523	3883	-2	3883	-2,7887
3884	-1,87988	3884	-2	3884	-2,48558
3885	-1,87988	3885	-2	3885	-2,48558
3886	-1,87988	3886	-2	3886	-2,48558
3887	-1,89941	3887	-2	3887	-2,08142
3888	-1,88965	3888	-2	3888	-2,2835
3889	-1,9043	3889	-2	3889	-1,98038
3890	-1,89941	3890	-2	3890	-2,08142
3891	-1,875	3891	-2	3891	-2,58662
3892	-1,89941	3892	-2	3892	-2,08142
3893	-1,87012	3893	-2	3893	-2,68766
3894	-1,88477	3894	-2	3894	-2,38454
3895	-1,9043	3895	-2	3895	-1,98038
3896	-1,87012	3896	-2	3896	-2,68766
3897	-1,88477	3897	-2	3897	-2,38454
3898	-1,875	3898	-2	3898	-2,58662
3899	-1,88477	3899	-2	3899	-2,38454
3900	-1,87012	3900	-2	3900	-2,68766
3901	-1,88477	3901	-2	3901	-2,38454
3902	-1,89941	3902	-2	3902	-2,08142
3903	-1,89941	3903	-2	3903	-2,08142
3904	-1,91895	3904	-2	3904	-1,67726
3905	-1,875	3905	-2	3905	-2,58662
3906	-1,86035	3906	-2	3906	-2,88974
3907	-1,86523	3907	-2	3907	-2,7887
3908	-1,88477	3908	-2	3908	-2,38454
3909	-1,90918	3909	-2	3909	-1,87934
3910	-1,91895	3910	-2	3910	-1,67726
3911	-1,90918	3911	-2	3911	-1,87934
3912	-1,89453	3912	-2	3912	-2,18246
3913	-1,88965	3913	-2	3913	-2,2835
3914	-1,875	3914	-2	3914	-2,58662
3915	-1,87012	3915	-2	3915	-2,68766
3916	-1,88477	3916	-2	3916	-2,38454
3917	-1,88477	3917	-2	3917	-2,38454
3918	-1,89941	3918	-2	3918	-2,08142
3919	-1,83594	3919	-2	3919	-3,39494
3920	-1,88965	3920	-2	3920	-2,2835
3921	-1,90918	3921	-2	3921	-1,87934
3922	-1,91406	3922	-2	3922	-1,7783
3923	-1,89941	3923	-2	3923	-2,08142
3924	-1,875	3924	-2	3924	-2,58662
3925	-1,88965	3925	-2	3925	-2,2835
3926	-1,86523	3926	-2	3926	-2,7887
3927	-1,89941	3927	-2	3927	-2,08142
3928	-1,9043	3928	-2	3928	-1,98038
3929	-1,87988	3929	-2	3929	-2,48558
3930	-1,88477	3930	-2	3930	-2,38454
3931	-1,87988	3931	-2	3931	-2,48558
3932	-1,87012	3932	-2	3932	-2,68766
3933	-1,87012	3933	-2	3933	-2,68766
3934	-1,87988	3934	-2	3934	-2,48558
3935	-1,92871	3935	-2	3935	-1,47518
3936	-1,87988	3936	-2	3936	-2,48558
3937	-1,87988	3937	-2	3937	-2,48558
3938	-1,87988	3938	-2	3938	-2,48558
3939	-1,88965	3939	-2	3939	-2,2835
3940	-1,87988	3940	-2	3940	-2,48558
3941	-1,88477	3941	-2	3941	-2,38454
3942	-1,88477	3942	-2	3942	-2,38454
3943	-1,88965	3943	-2	3943	-2,2835
3944	-1,90918	3944	-2	3944	-1,87934
3945	-1,89453	3945	-2	3945	-2,18246
3946	-1,88965	3946	-2	3946	-2,2835
3947	-1,88965	3947	-2	3947	-2,2835
3948	-1,89941	3948	-2	3948	-2,08142
3949	-1,86035	3949	-2	3949	-2,88974
3950	-1,86523	3950	-2	3950	-2,7887
3951	-1,88477	3951	-2	3951	-2,38454
3952	-1,92383	3952	-2	3952	-1,57622
3953	-1,93359	3953	-2	3953	-1,37414
3954	-1,89941	3954	-2	3954	-2,08142
3955	-1,88477	3955	-2	3955	-2,38454
3956	-1,88965	3956	-2	3956	-2,2835
3957	-1,85059	3957	-2	3957	-3,09182
3958	-1,875	3958	-2	3958	-2,58662
3959	-1,9043	3959	-2	3959	-1,98038
3960	-1,88965	3960	-2	3960	-2,2835
3961	-1,88965	3961	-2	3961	-2,2835
3962	-1,87988	3962	-2	3962	-2,48558
3963	-1,87988	3963	-2	3963	-2,48558
3964	-1,87988	3964	-2	3964	-2,48558
3965	-1,89453	3965	-2	3965	-2,18246
3966	-1,89941	3966	-2	3966	-2,08142
3967	-1,88965	3967	-2	3967	-2,2835
3968	-1,8457	3968	-2	3968	-3,19286
3969	-1,88477	3969	-2	3969	-2,38454
3970	-1,9043	3970	-2	3970	-1,98038
3971	-1,88965	3971	-2	3971	-2,2835
3972	-1,88965	3972	-2	3972	-2,2835
3973	-1,88477	3973	-2	3973	-2,38454
3974	-1,88477	3974	-2	3974	-2,38454
3975	-1,88965	3975	-2	3975	-2,2835
3976	-1,91895	3976	-2	3976	-1,67726
3977	-1,9043	3977	-2	3977	-1,98038
3978	-1,88965	3978	-2	3978	-2,2835
3979	-1,88965	3979	-2	3979	-2,2835
3980	-1,875	3980	-2	3980	-2,58662
3981	-1,87012	3981	-2	3981	-2,68766
3982	-1,87012	3982	-2	3982	-2,68766
3983	-1,88965	3983	-2	3983	-2,2835
3984	-1,92383	3984	-2	3984	-1,57622
3985	-1,88965	3985	-2	3985	-2,2835
3986	-1,87988	3986	-2	3986	-2,48558
3987	-1,88965	3987	-2	3987	-2,2835
3988	-1,87012	3988	-2	3988	-2,68766
3989	-1,86523	3989	-2	3989	-2,7887
3990	-1,89453	3990	-2	3990	-2,18246
3991	-1,88477	3991	-2	3991	-2,38454
3992	-1,89453	3992	-2	3992	-2,18246
3993	-1,91895	3993	-2	3993	-1,67726
3994	-1,88965	3994	-2	3994	-2,2835
3995	-1,87988	3995	-2	3995	-2,48558
3996	-1,86523	3996	-2	3996	-2,7887
3997	-1,89453	3997	-2	3997	-2,18246
3998	-1,87012	3998	-2	3998	-2,68766
3999	-1,875	3999	-2	3999	-2,58662
4000	-1,88477	4000	-2	4000	-2,38454
4001	-1,90918	4001	-2	4001	-1,87934
4002	-1,91895	4002	-2	4002	-1,67726
4003	-1,89941	4003	-2	4003	-2,08142
4004	-1,87988	4004	-2	4004	-2,48558
4005	-1,86035	4005	-2	4005	-2,88974
4006	-1,86523	4006	-2	4006	-2,7887
4007	-1,88965	4007	-2	4007	-2,2835
4008	-1,9043	4008	-2	4008	-1,98038
4009	-1,88965	4009	-2	4009	-2,2835
4010	-1,87988	4010	-2	4010	-2,48558
4011	-1,88477	4011	-2	4011	-2,38454
4012	-1,87012	4012	-2	4012	-2,68766
4013	-1,88477	4013	-2	4013	-2,38454
4014	-1,88965	4014	-2	4014	-2,2835
4015	-1,89941	4015	-2	4015	-2,08142
4016	-1,9043	4016	-2	4016	-1,98038
4017	-1,83594	4017	-2	4017	-3,39494
4018	-1,88965	4018	-2	4018	-2,2835
4019	-1,90918	4019	-2	4019	-1,87934
4020	-1,88965	4020	-2	4020	-2,2835
4021	-1,87988	4021	-2	4021	-2,48558
4022	-1,88965	4022	-2	4022	-2,2835
4023	-1,89453	4023	-2	4023	-2,18246
4024	-1,88477	4024	-2	4024	-2,38454
4025	-1,84082	4025	-2	4025	-3,2939
4026	-1,9043	4026	-2	4026	-1,98038
4027	-1,91406	4027	-2	4027	-1,7783
4028	-1,89941	4028	-2	4028	-2,08142
4029	-1,89453	4029	-2	4029	-2,18246
4030	-1,87012	4030	-2	4030	-2,68766
4031	-1,87012	4031	-2	4031	-2,68766
4032	-1,875	4032	-2	4032	-2,58662
4033	-1,91895	4033	-2	4033	-1,67726
4034	-1,91406	4034	-2	4034	-1,7783
4035	-1,90918	4035	-2	4035	-1,87934
4036	-1,88965	4036	-2	4036	-2,2835
4037	-1,88477	4037	-2	4037	-2,38454
4038	-1,85547	4038	-2	4038	-2,99078
4039	-1,86035	4039	-2	4039	-2,88974
4040	-1,88965	4040	-2	4040	-2,2835
4041	-1,88477	4041	-2	4041	-2,38454
4042	-1,9043	4042	-2	4042	-1,98038
4043	-1,89453	4043	-2	4043	-2,18246
4044	-1,89941	4044	-2	4044	-2,08142
4045	-1,85059	4045	-2	4045	-3,09182
4046	-1,89941	4046	-2	4046	-2,08142
4047	-1,89941	4047	-2	4047	-2,08142
4048	-1,85547	4048	-2	4048	-2,99078
4049	-1,88965	4049	-2	4049	-2,2835
4050	-1,92383	4050	-2	4050	-1,57622
4051	-1,9043	4051	-2	4051	-1,98038
4052	-1,90918	4052	-2	4052	-1,87934
4053	-1,89453	4053	-2	4053	-2,18246
4054	-1,875	4054	-2	4054	-2,58662
4055	-1,8457	4055	-2	4055	-3,19286
4056	-1,85547	4056	-2	4056	-2,99078
4057	-1,88477	4057	-2	4057	-2,38454
4058	-1,93359	4058	-2	4058	-1,37414
4059	-1,93848	4059	-2	4059	-1,2731
4060	-1,9043	4060	-2	4060	-1,98038
4061	-1,88477	4061	-2	4061	-2,38454
4062	-1,88965	4062	-2	4062	-2,2835
4063	-1,87988	4063	-2	4063	-2,48558
4064	-1,88965	4064	-2	4064	-2,2835
4065	-1,875	4065	-2	4065	-2,58662
4066	-1,88477	4066	-2	4066	-2,38454
4067	-1,92383	4067	-2	4067	-1,57622
4068	-1,88477	4068	-2	4068	-2,38454
4069	-1,88965	4069	-2	4069	-2,2835
4070	-1,88477	4070	-2	4070	-2,38454
4071	-1,86035	4071	-2	4071	-2,88974
4072	-1,88477	4072	-2	4072	-2,38454
4073	-1,89453	4073	-2	4073	-2,18246
4074	-1,85547	4074	-2	4074	-2,99078
4075	-1,89453	4075	-2	4075	-2,18246
4076	-1,91406	4076	-2	4076	-1,7783
4077	-1,89453	4077	-2	4077	-2,18246
4078	-1,88477	4078	-2	4078	-2,38454
4079	-1,89453	4079	-2	4079	-2,18246
4080	-1,88965	4080	-2	4080	-2,2835
4081	-1,88477	4081	-2	4081	-2,38454
4082	-1,8457	4082	-2	4082	-3,19286
4083	-1,9043	4083	-2	4083	-1,98038
4084	-1,91406	4084	-2	4084	-1,7783
4085	-1,9043	4085	-2	4085	-1,98038
4086	-1,88965	4086	-2	4086	-2,2835
4087	-1,88477	4087	-2	4087	-2,38454
4088	-1,87012	4088	-2	4088	-2,68766
4089	-1,87988	4089	-2	4089	-2,48558
4090	-1,92383	4090	-2	4090	-1,57622
4091	-1,91895	4091	-2	4091	-1,67726
4092	-1,9043	4092	-2	4092	-1,98038
4093	-1,88477	4093	-2	4093	-2,38454
4094	-1,86035	4094	-2	4094	-2,88974
4095	-1,85547	4095	-2	4095	-2,99078
4096	-1,875	4096	-2	4096	-2,58662
4097	-1,89941	4097	-2	4097	-2,08142
4098	-1,92871	4098	-2	4098	-1,47518
4099	-1,89453	4099	-2	4099	-2,18246
4100	-1,89941	4100	-2	4100	-2,08142
4101	-1,87012	4101	-2	4101	-2,68766
4102	-1,88965	4102	-2	4102	-2,2835
4103	-1,875	4103	-2	4103	-2,58662
4104	-1,9043	4104	-2	4104	-1,98038
4105	-1,88477	4105	-2	4105	-2,38454
4106	-1,88477	4106	-2	4106	-2,38454
4107	-1,91406	4107	-2	4107	-1,7783
4108	-1,87012	4108	-2	4108	-2,68766
4109	-1,875	4109	-2	4109	-2,58662
4110	-1,875	4110	-2	4110	-2,58662
4111	-1,89453	4111	-2	4111	-2,18246
4112	-1,87012	4112	-2	4112	-2,68766
4113	-1,875	4113	-2	4113	-2,58662
4114	-1,87988	4114	-2	4114	-2,48558
4115	-1,88965	4115	-2	4115	-2,2835
4116	-1,92383	4116	-2	4116	-1,57622
4117	-1,89453	4117	-2	4117	-2,18246
4118	-1,88965	4118	-2	4118	-2,2835
4119	-1,88477	4119	-2	4119	-2,38454
4120	-1,875	4120	-2	4120	-2,58662
4121	-1,88965	4121	-2	4121	-2,2835
4122	-1,9043	4122	-2	4122	-1,98038
4123	-1,88965	4123	-2	4123	-2,2835
4124	-1,875	4124	-2	4124	-2,58662
4125	-1,88477	4125	-2	4125	-2,38454
4126	-1,87988	4126	-2	4126	-2,48558
4127	-1,875	4127	-2	4127	-2,58662
4128	-1,87988	4128	-2	4128	-2,48558
4129	-1,87988	4129	-2	4129	-2,48558
4130	-1,90918	4130	-2	4130	-1,87934
4131	-1,85547	4131	-2	4131	-2,99078
4132	-1,88965	4132	-2	4132	-2,2835
4133	-1,89941	4133	-2	4133	-2,08142
4134	-1,9043	4134	-2	4134	-1,98038
4135	-1,88965	4135	-2	4135	-2,2835
4136	-1,88477	4136	-2	4136	-2,38454
4137	-1,89453	4137	-2	4137	-2,18246
4138	-1,88477	4138	-2	4138	-2,38454
4139	-1,8457	4139	-2	4139	-3,19286
4140	-1,89453	4140	-2	4140	-2,18246
4141	-1,90918	4141	-2	4141	-1,87934
4142	-1,90918	4142	-2	4142	-1,87934
4143	-1,9043	4143	-2	4143	-1,98038
4144	-1,875	4144	-2	4144	-2,58662
4145	-1,87012	4145	-2	4145	-2,68766
4146	-1,88477	4146	-2	4146	-2,38454
4147	-1,93359	4147	-2	4147	-1,37414
4148	-1,89453	4148	-2	4148	-2,18246
4149	-1,89453	4149	-2	4149	-2,18246
4150	-1,88965	4150	-2	4150	-2,2835
4151	-1,87988	4151	-2	4151	-2,48558
4152	-1,86523	4152	-2	4152	-2,7887
4153	-1,88477	4153	-2	4153	-2,38454
4154	-1,87988	4154	-2	4154	-2,48558
4155	-1,88965	4155	-2	4155	-2,2835
4156	-1,9043	4156	-2	4156	-1,98038
4157	-1,89941	4157	-2	4157	-2,08142
4158	-1,88965	4158	-2	4158	-2,2835
4159	-1,88965	4159	-2	4159	-2,2835
4160	-1,88965	4160	-2	4160	-2,2835
4161	-1,88965	4161	-2	4161	-2,2835
4162	-1,87012	4162	-2	4162	-2,68766
4163	-1,87012	4163	-2	4163	-2,68766
4164	-1,9043	4164	-2	4164	-1,98038
4165	-1,9043	4165	-2	4165	-1,98038
4166	-1,89453	4166	-2	4166	-2,18246
4167	-1,88965	4167	-2	4167	-2,2835
4168	-1,88477	4168	-2	4168	-2,38454
4169	-1,86035	4169	-2	4169	-2,88974
4170	-1,86523	4170	-2	4170	-2,7887
4171	-1,88477	4171	-2	4171	-2,38454
4172	-1,89453	4172	-2	4172	-2,18246
4173	-1,92871	4173	-2	4173	-1,47518
4174	-1,88477	4174	-2	4174	-2,38454
4175	-1,89453	4175	-2	4175	-2,18246
4176	-1,89453	4176	-2	4176	-2,18246
4177	-1,88477	4177	-2	4177	-2,38454
4178	-1,88965	4178	-2	4178	-2,2835
4179	-1,89941	4179	-2	4179	-2,08142
4180	-1,84082	4180	-2	4180	-3,2939
4181	-1,87988	4181	-2	4181	-2,48558
4182	-1,90918	4182	-2	4182	-1,87934
4183	-1,9043	4183	-2	4183	-1,98038
4184	-1,89941	4184	-2	4184	-2,08142
4185	-1,86523	4185	-2	4185	-2,7887
4186	-1,89453	4186	-2	4186	-2,18246
4187	-1,90918	4187	-2	4187	-1,87934
4188	-1,85547	4188	-2	4188	-2,99078
4189	-1,89453	4189	-2	4189	-2,18246
4190	-1,86035	4190	-2	4190	-2,88974
4191	-1,91895	4191	-2	4191	-1,67726
4192	-1,91406	4192	-2	4192	-1,7783
4193	-1,89453	4193	-2	4193	-2,18246
4194	-1,89941	4194	-2	4194	-2,08142
4195	-1,88965	4195	-2	4195	-2,2835
4196	-1,91895	4196	-2	4196	-1,67726
4197	-1,89941	4197	-2	4197	-2,08142
4198	-1,92871	4198	-2	4198	-1,47518
4199	-1,87012	4199	-2	4199	-2,68766
4200	-1,86035	4200	-2	4200	-2,88974
4201	-1,85547	4201	-2	4201	-2,99078
4202	-1,86523	4202	-2	4202	-2,7887
4203	-1,88965	4203	-2	4203	-2,2835
4204	-1,92383	4204	-2	4204	-1,57622
4205	-1,89453	4205	-2	4205	-2,18246
4206	-1,91406	4206	-2	4206	-1,7783
4207	-1,88965	4207	-2	4207	-2,2835
4208	-1,88965	4208	-2	4208	-2,2835
4209	-1,86035	4209	-2	4209	-2,88974
4210	-1,90918	4210	-2	4210	-1,87934
4211	-1,89453	4211	-2	4211	-2,18246
4212	-1,88477	4212	-2	4212	-2,38454
4213	-1,91895	4213	-2	4213	-1,67726
4214	-1,89453	4214	-2	4214	-2,18246
