Amostra - Velocidade C/AI0+	Amplitude - Velocidade C/AI0+	Amostra - Set-point	Amplitude - Set-point	Amostra - Esf controle	Amplitude - Esf controle
1845	-0,317383	1845	0	1845	9,37856
1846	-0,341797	1846	0	1846	9,5525
1847	-0,341797	1847	0	1847	9,07442
1848	0,0683594	1848	0	1848	-3,24963
1849	0,205078	1849	0	1849	-6,88817
1850	0,336914	1850	0	1850	-10
1851	0,249023	1851	0	1851	-7,05093
1852	0,258789	1852	0	1852	-6,97014
1853	0,253906	1853	0	1853	-6,51384
1854	0,249023	1854	0	1854	-6,12251
1855	-0,283203	1855	0	1855	9,55795
1856	-0,444336	1856	0	1856	10
1857	-0,488281	1857	0	1857	10
1858	-0,493164	1858	0	1858	10
1859	-0,488281	1859	0	1859	10
1860	-0,0244141	1860	0	1860	-1,35967
1861	0,424805	1861	0	1861	-10
1862	0,458984	1862	0	1862	-10
1863	0,390625	1863	0	1863	-10
1864	0,209961	1864	0	1864	-5,36939
1865	0,219727	1865	0	1865	-5,45048
1866	0,209961	1866	0	1866	-4,98456
1867	0,209961	1867	0	1867	-4,85151
1868	-0,268555	1868	0	1868	9,17907
1869	-0,512695	1869	0	1869	10
1870	-0,546875	1870	0	1870	10
1871	-0,546875	1871	0	1871	10
1872	0,0439453	1872	0	1872	-3,05224
1873	0,0439453	1873	0	1873	-2,65912
1874	0,0488281	1874	0	1874	-2,47954
1875	0,146484	1875	0	1875	-5,04971
1876	0,136719	1876	0	1876	-4,38692
1877	0,0341797	1877	0	1877	-1,10957
1878	0,0341797	1878	0	1878	-1,03371
1879	0,0390625	1879	0	1879	-1,11369
1880	0,0244141	1880	0	1880	-0,628885
1881	0,0292969	1881	0	1881	-0,746511
1882	-0,244141	1882	0	1882	7,23659
1883	-0,234375	1883	0	1883	6,53584
1884	-0,249023	1884	0	1884	6,63682
1885	-0,239258	1885	0	1885	6,06309
1886	-0,0634766	1886	0	1886	0,727732
1887	0,166016	1887	0	1887	-5,84756
1888	0,258789	1888	0	1888	-8,09486
1889	0,258789	1889	0	1889	-7,57612
1890	0,141602	1890	0	1890	-3,74229
1891	0,126953	1891	0	1891	-3,15718
1892	0,126953	1892	0	1892	-3,05068
1893	0,126953	1893	0	1893	-2,96355
1894	-0,249023	1894	0	1894	8,04624
1895	-0,263672	1895	0	1895	7,92655
1896	-0,268555	1896	0	1896	7,59845
1897	-0,0488281	1897	0	1897	0,813299
1898	-0,0439453	1898	0	1898	0,703189
1899	0,0927734	1899	0	1899	-3,24046
1900	0,161133	1900	0	1900	-4,98176
1901	0,107422	1901	0	1901	-3,10675
1902	0,12207	1902	0	1902	-3,36367
1903	0,126953	1903	0	1903	-3,3437
1904	0,112305	1904	0	1904	-2,77712
1905	0,117188	1905	0	1905	-2,82783
1906	-0,268555	1906	0	1906	8,47736
1907	-0,258789	1907	0	1907	7,64092
1908	-0,258789	1908	0	1908	7,20471
1909	-0,263672	1909	0	1909	6,98987
1910	-0,0878906	1910	0	1910	1,57592
1911	0,219727	1911	0	1911	-7,33661
1912	0,3125	1912	0	1912	-9,51098
1913	0,273438	1913	0	1913	-7,7961
1914	0,131836	1914	0	1914	-3,26593
1915	0,141602	1915	0	1915	-3,44176
1916	0,131836	1916	0	1916	-3,05335
1917	0,131836	1917	0	1917	-2,98371
1918	-0,27832	1918	0	1918	9,00617
1919	-0,27832	1919	0	1919	8,39366
1920	-0,332031	1920	0	1920	9,45516
1921	-0,366211	1921	0	1921	9,95323
1922	0,0244141	1922	0	1922	-1,87246
1923	0,209961	1923	0	1923	-7,02014
1924	0,361328	1924	0	1924	-10
1925	0,27832	1925	0	1925	-7,85087
1926	0,268555	1926	0	1926	-7,1643
1927	0,268555	1927	0	1927	-6,85072
1928	0,263672	1928	0	1928	-6,45209
1929	-0,288086	1929	0	1929	9,80258
1930	-0,463867	1930	0	1930	10
1931	-0,551758	1931	0	1931	10
1932	-0,561523	1932	0	1932	10
1933	0,00488281	1933	0	1933	-1,88563
1934	0,0146484	1934	0	1934	-1,84488
1935	0,078125	1935	0	1935	-3,41015
1936	0,136719	1936	0	1936	-4,78254
1937	0,136719	1937	0	1937	-4,41649
1938	0,0292969	1938	0	1938	-0,991702
1939	0,0195313	1939	0	1939	-0,635168
1940	0,0146484	1940	0	1940	-0,449553
1941	0,0244141	1941	0	1941	-0,705879
1942	-0,283203	1942	0	1942	8,28223
1943	-0,27832	1943	0	1943	7,67727
1944	-0,263672	1944	0	1944	6,88021
1945	-0,27832	1945	0	1945	7,02647
1946	-0,078125	1946	0	1946	0,949512
1947	0,185547	1947	0	1947	-6,60656
1948	0,302734	1948	0	1948	-9,49809
1949	0,283203	1949	0	1949	-8,31782
1950	0,166016	1950	0	1950	-4,43905
1951	0,175781	1951	0	1951	-4,52746
1952	0,166016	1952	0	1952	-4,06752
1953	0,175781	1953	0	1953	-4,22348
1954	-0,288086	1954	0	1954	9,39262
1955	-0,463867	1955	0	1955	10
1956	-0,463867	1956	0	1956	10
1957	-0,385742	1957	0	1957	10
1958	0,131836	1958	0	1958	-5,36482
1959	0,209961	1959	0	1959	-7,14784
1960	0,3125	1960	0	1960	-9,60469
1961	0,209961	1961	0	1961	-6,02601
1962	0,209961	1962	0	1962	-5,7036
1963	0,219727	1963	0	1963	-5,72393
1964	-0,317383	1964	0	1964	10
1965	-0,322266	1965	0	1965	9,60236
1966	-0,366211	1966	0	1966	10
1967	-0,366211	1967	0	1967	9,79378
1968	-0,366211	1968	0	1968	9,36174
1969	-0,0537109	1969	0	1969	-0,0834694
1970	0,419922	1970	0	1970	-10
1971	0,473633	1971	0	1971	-10
1972	0,366211	1972	0	1972	-10
1973	0,180664	1973	0	1973	-4,37811
1974	0,175781	1974	4	1974	10
1975	0,180664	1975	4	1975	10
1976	0,175781	1976	4	1976	10
1977	0,180664	1977	4	1977	10
1978	0,244141	1978	4	1978	10
1979	0,419922	1979	4	1979	10
1980	0,595703	1980	4	1980	10
1981	0,859375	1981	4	1981	10
1982	1,0498	1982	4	1982	10
1983	1,20605	1983	4	1983	10
1984	1,37695	1984	4	1984	10
1985	1,5332	1985	4	1985	10
1986	1,68945	1986	4	1986	10
1987	1,87988	1987	4	1987	10
1988	2,02148	1988	4	1988	10
1989	2,16309	1989	4	1989	10
1990	2,3291	1990	4	1990	10
1991	2,44141	1991	4	1991	10
1992	2,58301	1992	4	1992	10
1993	2,7832	1993	4	1993	10
1994	2,9248	1994	4	1994	10
1995	3,00293	1995	4	1995	10
1996	3,125	1996	4	1996	10
1997	3,25684	1997	4	1997	8,85486
1998	3,39356	1998	4	1998	6,00412
1999	3,49121	1999	4	1999	4,30467
2000	3,50586	2000	4	2000	4,96956
2001	3,55469	2001	4	2001	4,4652
2002	3,60352	2002	4	2002	3,87273
2003	3,52539	2003	4	2003	6,90167
2004	3,53027	2004	4	2004	7,25262
2005	3,6377	2005	4	2005	4,53855
2006	3,6377	2006	4	2006	5,04763
2007	3,63281	2007	4	2007	5,6062
2008	3,66699	2008	4	2008	4,94474
2009	3,67676	2009	4	2009	4,98795
2010	3,67188	2010	4	2010	5,41352
2011	3,7207	2011	4	2011	4,21705
2012	3,70606	2012	4	2012	4,90507
2013	3,62793	2013	4	2013	7,36869
2014	3,70117	2014	4	2014	5,26828
2015	3,75977	2015	4	2015	3,70621
2016	3,83789	2016	4	2016	1,64414
2017	3,80371	2017	4	2017	2,93662
2018	3,70606	2018	4	2018	5,96673
2019	3,68164	2019	4	2019	6,67468
2020	3,77441	2020	4	2020	3,93442
2021	3,73535	2021	4	2021	5,18631
2022	3,72559	2022	4	2022	5,50209
2023	3,7793	2023	4	2023	3,94966
2024	3,76465	2024	4	2024	4,4705
2025	3,7207	2025	4	2025	5,80294
2026	3,73535	2026	4	2026	5,35026
2027	3,80859	2027	4	2027	3,22124
2028	3,81348	2028	4	2028	3,19839
2029	3,75977	2029	4	2029	4,86642
2030	3,76465	2030	4	2030	4,72428
2031	3,80859	2031	4	2031	3,45353
2032	3,75488	2032	4	2032	5,09315
2033	3,7207	2033	4	2033	6,06423
2034	3,75	2034	4	2034	5,13787
2035	3,75	2035	4	2035	5,12439
2036	3,75977	2036	4	2036	4,82925
2037	3,80859	2037	4	2037	3,41533
2038	3,79883	2038	4	2038	3,78338
2039	3,76465	2039	4	2039	4,83076
2040	3,73535	2040	4	2040	5,67152
2041	3,77441	2041	4	2041	4,4785
2042	3,78418	2042	4	2042	4,21088
2043	3,76465	2043	4	2043	4,8083
2044	3,76953	2044	4	2044	4,65874
2045	3,75977	2045	4	2045	4,94457
2046	3,75977	2046	4	2046	4,93027
2047	3,75977	2047	4	2047	4,91857
2048	3,81836	2048	4	2048	3,2043
2049	3,79395	2049	4	2049	4,00093
2050	3,73047	2050	4	2050	5,87909
2051	3,75	2051	4	2051	5,23454
2052	3,81836	2052	4	2052	3,21467
2053	3,77441	2053	4	2053	4,57764
2054	3,74512	2054	4	2054	5,42846
2055	3,78906	2055	4	2055	4,1016
2056	3,84766	2056	4	2056	2,42798
2057	3,77441	2057	4	2057	4,67845
2058	3,73047	2058	4	2058	5,93711
2059	3,73535	2059	4	2059	5,70819
2060	3,74512	2060	4	2060	5,36085
2061	3,76953	2061	4	2061	4,61452
2062	3,81348	2062	4	2062	3,34574
2063	3,81348	2063	4	2063	3,42434
2064	3,77441	2064	4	2064	4,62511
2065	3,75	2065	4	2065	5,32524
2066	3,76953	2066	4	2066	4,70946
2067	3,77441	2067	4	2067	4,55989
2068	3,75488	2068	4	2068	5,12982
2069	3,76953	2069	4	2069	4,67365
2070	3,83789	2070	4	2070	2,68383
2071	3,76953	2071	4	2071	4,78168
2072	3,73047	2072	4	2072	5,89751
2073	3,78418	2073	4	2073	4,2552
2074	3,77441	2074	4	2074	4,56045
2075	3,73047	2075	4	2075	5,84057
2076	3,75	2076	4	2076	5,20302
2077	3,82813	2077	4	2077	2,90477
2078	3,78906	2078	4	2078	4,14606
2079	3,76465	2079	4	2079	4,87935
2080	3,78418	2080	4	2080	4,29069
2081	3,83301	2081	4	2081	2,88479
2082	3,7793	2082	4	2082	4,53791
2083	3,72559	2083	4	2083	6,08827
2084	3,75	2084	4	2084	5,28161
2085	3,75977	2085	4	2085	4,95788
2086	3,76465	2086	4	2086	4,7991
2087	3,80859	2087	4	2087	3,51475
2088	3,80859	2088	4	2088	3,5806
2089	3,77441	2089	4	2089	4,62889
2090	3,74023	2090	4	2090	5,61245
2091	3,7793	2091	4	2091	4,41218
2092	3,80371	2092	4	2092	3,71246
2093	3,76953	2093	4	2093	4,75476
2094	3,75488	2094	4	2094	5,16518
2095	3,81348	2095	4	2095	3,42406
2096	3,74512	2096	4	2096	5,47723
2097	3,74023	2097	4	2097	5,56209
2098	3,79395	2098	4	2098	3,9448
2099	3,78906	2099	4	2099	4,12847
2100	3,74023	2100	4	2100	5,57524
2101	3,75488	2101	4	2101	5,09203
2102	3,81348	2102	4	2102	3,36421
2103	3,79395	2103	4	2103	4,00768
2104	3,74512	2104	4	2104	5,45844
2105	3,78418	2105	4	2105	4,26819
2106	3,83789	2106	4	2106	2,72432
2107	3,77441	2107	4	2107	4,67275
2108	3,7207	2108	4	2108	6,21657
2109	3,78418	2109	4	2109	4,2681
2110	3,74512	2110	4	2110	5,42335
2111	3,73535	2111	4	2111	5,66007
2112	3,79395	2112	4	2112	3,90089
2113	3,81348	2113	4	2113	3,38225
2114	3,7793	2114	4	2114	4,44862
2115	3,74512	2115	4	2115	5,44697
2116	3,77441	2116	4	2116	4,54293
2117	3,7793	2117	4	2117	4,40565
2118	3,75488	2118	4	2118	5,1277
2119	3,76953	2119	4	2119	4,67192
2120	3,76465	2120	4	2120	4,81329
2121	3,77441	2121	4	2121	4,52076
2122	3,76465	2122	4	2122	4,81369
2123	3,81348	2123	4	2123	3,38463
2124	3,78418	2124	4	2124	4,3085
2125	3,73535	2125	4	2125	5,74053
2126	3,74512	2126	4	2126	5,38731
2127	3,80371	2127	4	2127	3,64176
2128	3,80371	2128	4	2128	3,7025
2129	3,79395	2129	4	2129	4,03631
2130	3,75	2130	4	2130	5,3398
2131	3,68652	2131	4	2131	7,13637
2132	3,78418	2132	4	2132	4,15213
2133	3,81348	2133	4	2133	3,33965
2134	3,81836	2134	4	2134	3,2773
2135	3,7793	2135	4	2135	4,48682
2136	3,74512	2136	4	2136	5,47823
2137	3,78418	2137	4	2137	4,28439
2138	3,79395	2138	4	2138	4,0161
2139	3,75977	2139	4	2139	5,03915
2140	3,74023	2140	4	2140	5,57589
2141	3,79883	2141	4	2141	3,81403
2142	3,81836	2142	4	2142	3,2932
2143	3,76953	2143	4	2143	4,78395
2144	3,75488	2144	4	2144	5,18907
2145	3,80371	2145	4	2145	3,72772
2146	3,75	2146	4	2146	5,33547
2147	3,74023	2147	4	2147	5,57018
2148	3,79395	2148	4	2148	3,95142
2149	3,79883	2149	4	2149	3,84977
2150	3,75	2150	4	2150	5,31125
2151	3,75	2151	4	2151	5,26625
2152	3,80859	2152	4	2152	3,52473
2153	3,75977	2153	4	2153	5,00935
2154	3,74512	2154	4	2154	5,40945
2155	3,78906	2155	4	2155	4,08605
2156	3,82324	2156	4	2156	3,12555
2157	3,78418	2157	4	2157	4,34468
2158	3,74512	2158	4	2158	5,48601
2159	3,75488	2159	4	2159	5,1431
2160	3,75977	2160	4	2160	4,96863
2161	3,75488	2161	4	2161	5,09202
2162	3,79883	2162	4	2162	3,79037
2163	3,81348	2163	4	2163	3,4159
2164	3,77441	2164	4	2164	4,61821
2165	3,75	2165	4	2165	5,31959
2166	3,78906	2166	4	2166	4,13661
2167	3,75977	2167	4	2167	5,01367
2168	3,7207	2168	4	2168	6,12328
2169	3,76465	2169	4	2169	4,76
2170	3,84277	2170	4	2170	2,48835
2171	3,78418	2171	4	2171	4,31964
2172	3,75	2172	4	2172	5,32347
2173	3,78418	2173	4	2173	4,28184
2174	3,78418	2174	4	2174	4,29813
2175	3,74023	2175	4	2175	5,58998
2176	3,74512	2176	4	2176	5,38821
2177	3,80859	2177	4	2177	3,50044
2178	3,77441	2178	4	2178	4,5633
2179	3,76953	2179	4	2179	4,70644
2180	3,78906	2180	4	2180	4,13124
2181	3,79883	2181	4	2181	3,87281
2182	3,7793	2182	4	2182	4,47776
2183	3,75	2183	4	2183	5,32876
2184	3,77441	2184	4	2184	4,57028
2185	3,77441	2185	4	2185	4,57009
2186	3,75488	2186	4	2186	5,13817
2187	3,78906	2187	4	2187	4,11225
2188	3,80859	2188	4	2188	3,57316
2189	3,76465	2189	4	2189	4,90691
2190	3,74023	2190	4	2190	5,59177
2191	3,77441	2191	4	2191	4,53732
2192	3,80859	2192	4	2192	3,54872
2193	3,77441	2193	4	2193	4,6028
2194	3,76465	2194	4	2194	4,88081
2195	3,79395	2195	4	2195	4,00778
2196	3,74512	2196	4	2196	5,45852
2197	3,75	2197	4	2197	5,26266
2198	3,79395	2198	4	2198	3,94797
2199	3,80859	2199	4	2199	3,56282
2200	3,75488	2200	4	2200	5,18258
2201	3,75	2201	4	2201	5,28505
2202	3,78906	2202	4	2202	4,10834
2203	3,79883	2203	4	2203	3,85408
2204	3,77441	2204	4	2204	4,60449
2205	3,75	2205	4	2205	5,30837
2206	3,75977	2206	4	2206	4,97978
2207	3,76953	2207	4	2207	4,67496
2208	3,76465	2208	4	2208	4,81578
2209	3,80371	2209	4	2209	3,67045
2210	3,78906	2210	4	2210	4,15215
2211	3,74512	2211	4	2211	5,45256
2212	3,76465	2212	4	2212	4,83162
2213	3,81348	2213	4	2213	3,39929
2214	3,76953	2214	4	2214	4,74668
2215	3,74512	2215	4	2215	5,44269
2216	3,7793	2216	4	2216	4,39736
2217	3,76953	2217	4	2217	4,69475
2218	3,73047	2218	4	2218	5,82638
2219	3,75	2219	4	2219	5,19141
2220	3,81348	2220	4	2220	3,32144
2221	3,78906	2221	4	2221	4,11475
2222	3,77441	2222	4	2222	4,56961
2223	3,79395	2223	4	2223	4,00131
2224	3,80371	2224	4	2224	3,74852
2225	3,75	2225	4	2225	5,35249
2226	3,73047	2226	4	2226	5,86823
2227	3,77441	2227	4	2227	4,51536
2228	3,77441	2228	4	2228	4,52515
2229	3,79395	2229	4	2229	3,96494
2230	3,7793	2230	4	2230	4,42906
2231	3,74023	2231	4	2231	5,57303
2232	3,76953	2232	4	2232	4,66404
2233	3,78906	2233	4	2233	4,09655
2234	3,82813	2234	4	2234	2,99208
2235	3,80371	2235	4	2235	3,79133
2236	3,74023	2236	4	2236	5,67163
2237	3,74512	2237	4	2237	5,45501
2238	3,80371	2238	4	2238	3,69715
2239	3,75488	2239	4	2239	5,16841
2240	3,73535	2240	4	2240	5,69963
2241	3,84277	2241	4	2241	2,51267
2242	3,83789	2242	4	2242	2,7769
2243	3,75	2243	4	2243	5,42607
2244	3,71094	2244	4	2244	6,49666
2245	3,73535	2245	4	2245	5,66969
2246	3,75977	2246	4	2246	4,90317
2247	3,79883	2247	4	2247	3,75994
2248	3,81836	2248	4	2248	3,24894
2249	3,85254	2249	4	2249	2,33274
2250	3,76465	2250	4	2250	5,00872
2251	3,71094	2251	4	2251	6,52742
2252	3,73047	2252	4	2252	5,83692
2253	3,74512	2253	4	2253	5,34209
2254	3,76953	2254	4	2254	4,59917
2255	3,82813	2255	4	2255	2,90701
2256	3,85254	2256	4	2256	2,30114
2257	3,75977	2257	4	2257	5,12492
2258	3,73047	2258	4	2258	5,93018
2259	3,78418	2259	4	2259	4,28193
2260	3,78418	2260	4	2260	4,29821
2261	3,79883	2261	4	2261	3,88534
2262	3,74512	2262	4	2262	5,48242
2263	3,78418	2263	4	2263	4,28781
2264	3,73047	2264	4	2264	5,86566
2265	3,74023	2265	4	2265	5,50767
2266	3,80859	2266	4	2266	3,4741
2267	3,7793	2267	4	2267	4,39969
2268	3,73047	2268	4	2268	5,83312
2269	3,74512	2269	4	2269	5,33899
2270	3,81836	2270	4	2270	3,17605
2271	3,82324	2271	4	2271	3,12546
2272	3,75488	2272	4	2272	5,19696
2273	3,77441	2273	4	2273	4,58652
2274	3,76465	2274	4	2274	4,8675
2275	3,76953	2275	4	2275	4,70717
2276	3,75	2276	4	2276	5,26831
2277	3,76953	2277	4	2277	4,66288
2278	3,76465	2278	4	2278	4,8059
2279	3,76465	2279	4	2279	4,79883
2280	3,80859	2280	4	2280	3,51452
2281	3,79883	2281	4	2281	3,86453
2282	3,77441	2282	4	2282	4,61304
2283	3,74512	2283	4	2283	5,45743
2284	3,76953	2284	4	2284	4,69354
2285	3,76953	2285	4	2285	4,68892
2286	3,74023	2286	4	2286	5,53749
2287	3,78418	2287	4	2287	4,20879
2288	3,85742	2288	4	2288	2,10749
2289	3,75977	2289	4	2289	5,09055
2290	3,7207	2290	4	2290	6,18618
2291	3,77441	2291	4	2291	4,52735
2292	3,7793	2292	4	2292	4,39291
2293	3,74023	2293	4	2293	5,54345
2294	3,77441	2294	4	2294	4,49779
2295	3,83301	2295	4	2295	2,80608
2296	3,80859	2296	4	2296	3,62116
2297	3,75	2297	4	2297	5,37236
2298	3,75977	2298	4	2298	5,03213
2299	3,82813	2299	4	2299	3,0131
2300	3,76953	2300	4	2300	4,80293
2301	3,73535	2301	4	2301	5,77283
2302	3,74512	2302	4	2302	5,41374
2303	3,75	2303	4	2303	5,22602
2304	3,75977	2304	4	2304	4,9124
2305	3,81836	2305	4	2305	3,19925
2306	3,86231	2306	4	2306	2,00798
2307	3,7793	2307	4	2307	4,56498
2308	3,71582	2308	4	2308	6,39453
2309	3,74023	2309	4	2309	5,56815
2310	3,76953	2310	4	2310	4,66005
2311	3,76953	2311	4	2311	4,66152
2312	3,76465	2312	4	2312	4,80478
2313	3,84277	2313	4	2313	2,52499
2314	3,76465	2314	4	2314	4,91785
2315	3,74023	2315	4	2315	5,60072
2316	3,79883	2316	4	2316	3,83435
2317	3,76953	2317	4	2317	4,73041
2318	3,72559	2318	4	2318	5,99761
2319	3,75488	2319	4	2319	5,06538
2320	3,82813	2320	4	2320	2,91622
2321	3,81836	2321	4	2321	3,30308
2322	3,79883	2322	4	2322	3,93969
2323	3,74023	2323	4	2323	5,66894
2324	3,64746	2324	4	2324	8,29398
2325	3,7793	2325	4	2325	4,24871
2326	3,82813	2326	4	2326	2,86842
2327	3,83301	2327	4	2327	2,8378
2328	3,77441	2328	4	2328	4,64152
2329	3,74023	2329	4	2329	5,62279
2330	3,78906	2330	4	2330	4,13652
2331	3,84766	2331	4	2331	2,45655
2332	3,75977	2332	4	2332	5,128
2333	3,71582	2333	4	2333	6,35887
2334	3,76953	2334	4	2334	4,68663
2335	3,81836	2335	4	2335	3,26268
2336	3,78418	2336	4	2336	4,33281
2337	3,75488	2337	4	2337	5,19218
2338	3,82324	2338	4	2338	3,16203
2339	3,74512	2339	4	2339	5,511
2340	3,7207	2340	4	2340	6,15795
2341	3,78906	2341	4	2341	4,07808
2342	3,78418	2342	4	2342	4,25549
2343	3,75	2343	4	2343	5,27098
2344	3,76953	2344	4	2344	4,66507
2345	3,82813	2345	4	2345	2,96093
2346	3,77441	2346	4	2346	4,61819
2347	3,76465	2347	4	2347	4,8934
2348	3,7793	2348	4	2348	4,44425
2349	3,83301	2349	4	2349	2,88635
2350	3,76953	2350	4	2350	4,8233
2351	3,7207	2351	4	2351	6,21568
2352	3,73535	2352	4	2352	5,68795
2353	3,74512	2353	4	2353	5,34429
2354	3,77441	2354	4	2354	4,45891
2355	3,82813	2355	4	2355	2,91633
2356	3,80859	2356	4	2356	3,58729
2357	3,76465	2357	4	2357	4,91847
2358	3,73535	2358	4	2358	5,74329
2359	3,78418	2359	4	2359	4,2531
2360	3,80859	2360	4	2360	3,56432
2361	3,76465	2361	4	2361	4,89968
2362	3,75	2362	4	2362	5,30174
2363	3,82324	2363	4	2363	3,12759
2364	3,76465	2364	4	2364	4,91459
2365	3,73535	2365	4	2365	5,74011
2366	3,78906	2366	4	2366	4,10844
2367	3,77441	2367	4	2367	4,56445
2368	3,73535	2368	4	2368	5,70179
2369	3,75977	2369	4	2369	4,92943
2370	3,83301	2370	4	2370	2,78701
2371	3,81836	2371	4	2371	3,32144
2372	3,76465	2372	4	2372	4,94912
2373	3,76465	2373	4	2373	4,91601
2374	3,81348	2374	4	2374	3,46834
2375	3,75977	2375	4	2375	5,08729
2376	3,72559	2376	4	2376	6,04145
2377	3,75488	2377	4	2377	5,10125
2378	3,76465	2378	4	2378	4,79233
2379	3,76465	2379	4	2379	4,78773
2380	3,81348	2380	4	2380	3,36339
2381	3,80859	2381	4	2381	3,58083
2382	3,76953	2382	4	2382	4,77113
2383	3,73535	2383	4	2383	5,74682
2384	3,76953	2384	4	2384	4,68216
2385	3,7793	2385	4	2385	4,39549
2386	3,78418	2386	4	2386	4,26704
2387	3,77441	2387	4	2387	4,57014
2388	3,83301	2388	4	2388	2,86527
2389	3,75	2389	4	2389	5,37429
2390	3,72559	2390	4	2390	6,02812
2391	3,78418	2391	4	2391	4,23799
2392	3,7793	2392	4	2392	4,40431
2393	3,74512	2393	4	2393	5,41072
2394	3,76465	2394	4	2394	4,79738
2395	3,82813	2395	4	2395	2,94511
2396	3,81348	2396	4	2396	3,46878
2397	3,75488	2397	4	2397	5,2297
2398	3,76465	2398	4	2398	4,89743
2399	3,82813	2399	4	2399	3,02696
2400	3,76953	2400	4	2400	4,81427
2401	3,73535	2401	4	2401	5,78211
2402	3,75	2402	4	2402	5,27927
2403	3,75	2403	4	2403	5,24008
2404	3,75977	2404	4	2404	4,9239
2405	3,81348	2405	4	2405	3,35072
2406	3,81348	2406	4	2406	3,42841
2407	3,7793	2407	4	2407	4,48639
2408	3,74023	2408	4	2408	5,61994
2409	3,76465	2409	4	2409	4,84448
2410	3,77441	2410	4	2410	4,54629
2411	3,75977	2411	4	2411	4,97663
2412	3,7793	2412	4	2412	4,38827
2413	3,83789	2413	4	2413	2,69849
2414	3,76465	2414	4	2414	4,93574
2415	3,74023	2415	4	2415	5,61536
2416	3,78906	2416	4	2416	4,13044
2417	3,76953	2417	4	2417	4,72451
2418	3,72559	2418	4	2418	5,99279
2419	3,75977	2419	4	2419	4,91937
2420	3,82813	2420	4	2420	2,92084
2421	3,82324	2421	4	2421	3,1648
2422	3,76465	2422	4	2422	4,94503
2423	3,76953	2423	4	2423	4,77061
2424	3,81836	2424	-4	2424	-10
2425	3,71582	2425	-4	2425	-10
2426	3,49121	2426	-4	2426	-10
2427	3,23242	2427	-4	2427	-10
2428	3,00781	2428	-4	2428	-10
2429	2,66602	2429	-4	2429	-10
2430	2,40234	2430	-4	2430	-10
2431	2,12891	2431	-4	2431	-10
2432	1,93848	2432	-4	2432	-10
2433	1,69434	2433	-4	2433	-10
2434	1,43066	2434	-4	2434	-10
2435	1,21582	2435	-4	2435	-10
2436	0,991211	2436	-4	2436	-10
2437	0,732422	2437	-4	2437	-10
2438	0,512695	2438	-4	2438	-10
2439	0,375977	2439	-4	2439	-10
2440	0,170898	2440	-4	2440	-10
2441	0,161133	2441	-4	2441	-10
2442	0,170898	2442	-4	2442	-10
2443	-0,336914	2443	-4	2443	-10
2444	-0,751953	2444	-4	2444	-10
2445	-0,947266	2445	-4	2445	-10
2446	-1,11816	2446	-4	2446	-10
2447	-1,31836	2447	-4	2447	-10
2448	-1,49414	2448	-4	2448	-10
2449	-1,69922	2449	-4	2449	-10
2450	-1,86035	2450	-4	2450	-10
2451	-2,02148	2451	-4	2451	-10
2452	-2,1875	2452	-4	2452	-10
2453	-2,30469	2453	-4	2453	-10
2454	-2,46582	2454	-4	2454	-10
2455	-2,60254	2455	-4	2455	-10
2456	-2,79297	2456	-4	2456	-10
2457	-2,91504	2457	-4	2457	-10
2458	-3,04199	2458	-4	2458	-10
2459	-3,14941	2459	-4	2459	-10
2460	-3,30078	2460	-4	2460	-7,03585
2461	-3,48145	2461	-4	2461	-3,07548
2462	-3,50098	2462	-4	2462	-3,85776
2463	-3,47656	2463	-4	2463	-5,70441
2464	-3,51563	2464	-4	2464	-5,45845
2465	-3,54981	2465	-4	2465	-5,25542
2466	-3,5791	2466	-4	2466	-5,10548
2467	-3,56445	2467	-4	2467	-6,15344
2468	-3,59375	2468	-4	2468	-5,78628
2469	-3,62305	2469	-4	2469	-5,37799
2470	-3,68652	2470	-4	2470	-3,94163
2471	-3,67676	2471	-4	2471	-4,66353
2472	-3,65723	2472	-4	2472	-5,57426
2473	-3,74023	2473	-4	2473	-3,40811
2474	-3,74023	2474	-4	2474	-3,7451
2475	-3,70606	2475	-4	2475	-5,01522
2476	-3,70606	2476	-4	2476	-5,18588
2477	-3,75977	2477	-4	2477	-3,76287
2478	-3,75977	2478	-4	2478	-3,96343
2479	-3,72559	2479	-4	2479	-5,12193
2480	-3,76465	2480	-4	2480	-4,06479
2481	-3,75488	2481	-4	2481	-4,47659
2482	-3,75	2482	-4	2482	-4,70742
2483	-3,73535	2483	-4	2483	-5,19838
2484	-3,75	2484	-4	2484	-4,80167
2485	-3,81836	2485	-4	2485	-2,86051
2486	-3,77441	2486	-4	2486	-4,28787
2487	-3,78418	2487	-4	2487	-4,05491
2488	-3,76465	2488	-4	2488	-4,68069
2489	-3,75	2489	-4	2489	-5,12257
2490	-3,76465	2490	-4	2490	-4,6857
2491	-3,76465	2491	-4	2491	-4,70049
2492	-3,86231	2492	-4	2492	-1,87142
2493	-3,80859	2493	-4	2493	-3,6009
2494	-3,74023	2494	-4	2494	-5,6399
2495	-3,75977	2495	-4	2495	-5,00288
2496	-3,69141	2496	-4	2496	-6,96679
2497	-3,80859	2497	-4	2497	-3,42717
2498	-3,84277	2498	-4	2498	-2,51454
2499	-3,81836	2499	-4	2499	-3,34666
2500	-3,83789	2500	-4	2500	-2,83887
2501	-3,78906	2501	-4	2501	-4,3403
2502	-3,7793	2502	-4	2502	-4,6121
2503	-3,74023	2503	-4	2503	-5,72279
2504	-3,76953	2504	-4	2504	-4,78658
2505	-3,80859	2505	-4	2505	-3,62857
2506	-3,79883	2506	-4	2506	-3,95785
2507	-3,78418	2507	-4	2507	-4,40527
2508	-3,80859	2508	-4	2508	-3,68883
2509	-3,79395	2509	-4	2509	-4,1492
2510	-3,77441	2510	-4	2510	-4,72188
2511	-3,81836	2511	-4	2511	-3,4156
2512	-3,76953	2512	-4	2512	-4,8841
2513	-3,75488	2513	-4	2513	-5,27101
2514	-3,73535	2514	-4	2514	-5,78357
2515	-3,80371	2515	-4	2515	-3,71782
2516	-3,84277	2516	-4	2516	-2,62827
2517	-3,82324	2517	-4	2517	-3,29765
2518	-3,76465	2518	-4	2518	-5,05373
2519	-3,85254	2519	-4	2519	-2,44455
2520	-3,81348	2520	-4	2520	-3,67961
2521	-3,75977	2521	-4	2521	-5,26015
2522	-3,76953	2522	-4	2522	-4,90436
2523	-3,70117	2523	-4	2523	-6,85022
2524	-3,81836	2524	-4	2524	-3,29583
2525	-3,84766	2525	-4	2525	-2,51317
2526	-3,81836	2526	-4	2526	-3,46962
2527	-3,81348	2527	-4	2527	-3,64977
2528	-3,81348	2528	-4	2528	-3,67309
2529	-3,80371	2529	-4	2529	-3,97628
2530	-3,74023	2530	-4	2530	-5,82296
2531	-3,77441	2531	-4	2531	-4,72648
2532	-3,79395	2532	-4	2532	-4,12965
2533	-3,78418	2533	-4	2533	-4,42177
2534	-3,81836	2534	-4	2534	-3,41821
2535	-3,82813	2535	-4	2535	-3,18153
2536	-3,77441	2536	-4	2536	-4,79868
2537	-3,77441	2537	-4	2537	-4,75696
2538	-3,81836	2538	-4	2538	-3,4443
2539	-3,82813	2539	-4	2539	-3,20288
2540	-3,7793	2540	-4	2540	-4,67409
2541	-3,74023	2541	-4	2541	-5,77351
2542	-3,77441	2542	-4	2542	-4,68602
2543	-3,80371	2543	-4	2543	-3,81243
2544	-3,82324	2544	-4	2544	-3,27391
2545	-3,82324	2545	-4	2545	-3,3296
2546	-3,83789	2546	-4	2546	-2,94899
2547	-3,79883	2547	-4	2547	-4,14628
2548	-3,75488	2548	-4	2548	-5,4118
2549	-3,75488	2549	-4	2549	-5,33053
2550	-3,70606	2550	-4	2550	-6,68463
2551	-3,81348	2551	-4	2551	-3,42648
2552	-3,84766	2552	-4	2552	-2,49599
2553	-3,83789	2553	-4	2553	-2,88733
2554	-3,86231	2554	-4	2554	-2,24907
2555	-3,78906	2555	-4	2555	-4,47812
2556	-3,79395	2556	-4	2556	-4,29868
2557	-3,73047	2557	-4	2557	-6,1227
2558	-3,76465	2558	-4	2558	-5,00768
2559	-3,80371	2559	-4	2559	-3,82746
2560	-3,83789	2560	-4	2560	-2,86003
2561	-3,79395	2561	-4	2561	-4,21555
2562	-3,82324	2562	-4	2562	-3,35558
2563	-3,79395	2563	-4	2563	-4,24877
2564	-3,76953	2564	-4	2564	-4,9454
2565	-3,81836	2565	-4	2565	-3,47441
2566	-3,78906	2566	-4	2566	-4,36398
2567	-3,7793	2567	-4	2567	-4,63147
2568	-3,73535	2568	-4	2568	-5,8807
2569	-3,78418	2569	-4	2569	-4,36552
2570	-3,83301	2570	-4	2570	-2,94601
2571	-3,82813	2571	-4	2571	-3,16742
2572	-3,75977	2572	-4	2572	-5,21331
2573	-3,85742	2573	-4	2573	-2,30898
2574	-3,81348	2574	-4	2574	-3,69277
2575	-3,76953	2575	-4	2575	-4,98679
2576	-3,75977	2576	-4	2576	-5,21297
2577	-3,69141	2577	-4	2577	-7,13869
2578	-3,81348	2578	-4	2578	-3,42576
2579	-3,83789	2579	-4	2579	-2,77951
2580	-3,82813	2580	-4	2580	-3,15527
2581	-3,71094	2581	-4	2581	-6,62395
2582	-3,80859	2582	-4	2582	-3,64296
2583	-3,84277	2583	-4	2583	-2,69109
2584	-3,82813	2584	-4	2584	-3,207
2585	-3,80859	2585	-4	2585	-3,82511
2586	-3,80859	2586	-4	2586	-3,83453
2587	-3,76465	2587	-4	2587	-5,12076
2588	-3,76465	2588	-4	2588	-5,05645
2589	-3,82324	2589	-4	2589	-3,29913
2590	-3,79395	2590	-4	2590	-4,20259
2591	-3,7793	2591	-4	2591	-4,6235
2592	-3,82324	2592	-4	2592	-3,31712
2593	-3,84277	2593	-4	2593	-2,79673
2594	-3,78418	2594	-4	2594	-4,57195
2595	-3,73047	2595	-4	2595	-6,09814
2596	-3,75977	2596	-4	2596	-5,12964
2597	-3,80371	2597	-4	2597	-3,80317
2598	-3,81348	2598	-4	2598	-3,55045
2599	-3,78418	2599	-4	2599	-4,44417
2600	-3,86719	2600	-4	2600	-2,01596
2601	-3,80859	2601	-4	2601	-3,84323
2602	-3,75	2602	-4	2602	-5,55406
2603	-3,77441	2603	-4	2603	-4,75462
2604	-3,69141	2604	-4	2604	-7,1359
2605	-3,79883	2605	-4	2605	-3,84965
2606	-3,83789	2606	-4	2606	-2,7541
2607	-3,85254	2607	-4	2607	-2,42419
2608	-3,88184	2608	-4	2608	-1,67413
2609	-3,79395	2609	-4	2609	-4,36196
2610	-3,74512	2610	-4	2610	-5,7483
2611	-3,77441	2611	-4	2611	-4,78947
2612	-3,78418	2612	-4	2612	-4,46531
2613	-3,79395	2613	-4	2613	-4,16412
2614	-3,78418	2614	-4	2614	-4,44997
2615	-3,79883	2615	-4	2615	-4,00951
2616	-3,83301	2616	-4	2616	-3,02696
2617	-3,7793	2617	-4	2617	-4,65423
2618	-3,76465	2618	-4	2618	-5,04697
2619	-3,81348	2619	-4	2619	-3,57549
2620	-3,81836	2620	-4	2620	-3,47026
2621	-3,77441	2621	-4	2621	-4,78676
2622	-3,74512	2622	-4	2622	-5,59956
2623	-3,7793	2623	-4	2623	-4,52571
2624	-3,83301	2624	-4	2624	-2,953
2625	-3,81348	2625	-4	2625	-3,59931
2626	-3,76953	2626	-4	2626	-4,91033
2627	-3,84277	2627	-4	2627	-2,73542
2628	-3,80859	2628	-4	2628	-3,8115
2629	-3,76465	2629	-4	2629	-5,10192
2630	-3,76953	2630	-4	2630	-4,89897
2631	-3,85254	2631	-4	2631	-2,44201
2632	-3,78418	2632	-4	2632	-4,52988
2633	-3,76465	2633	-4	2633	-5,06931
2634	-3,77441	2634	-4	2634	-4,73023
2635	-3,83301	2635	-4	2635	-2,99626
2636	-3,80859	2636	-4	2636	-3,77676
2637	-3,78906	2637	-4	2637	-4,36321
2638	-3,75	2638	-4	2638	-5,48319
2639	-3,7793	2639	-4	2639	-4,55457
2640	-3,81836	2640	-4	2640	-3,40279
2641	-3,77441	2641	-4	2641	-4,73156
2642	-3,79395	2642	-4	2642	-4,13381
2643	-3,81836	2643	-4	2643	-3,43076
2644	-3,7793	2644	-4	2644	-4,61238
2645	-3,77441	2645	-4	2645	-4,72861
2646	-3,81348	2646	-4	2646	-3,56317
2647	-3,79883	2647	-4	2647	-4,02841
2648	-3,7793	2648	-4	2648	-4,60506
2649	-3,75488	2649	-4	2649	-5,29086
2650	-3,79395	2650	-4	2650	-4,09512
2651	-3,80859	2651	-4	2651	-3,68322
2652	-3,81348	2652	-4	2652	-3,57638
2653	-3,80371	2653	-4	2653	-3,89716
2654	-3,82324	2654	-4	2654	-3,34323
2655	-3,78906	2655	-4	2655	-4,38073
2656	-3,75488	2656	-4	2656	-5,35546
2657	-3,76465	2657	-4	2657	-5,00032
2658	-3,71582	2658	-4	2658	-6,37849
2659	-3,80371	2659	-4	2659	-3,70827
2660	-3,82813	2660	-4	2660	-3,04663
2661	-3,82813	2661	-4	2661	-3,12566
2662	-3,72559	2662	-4	2662	-6,17355
2663	-3,80371	2663	-4	2663	-3,78874
2664	-3,83789	2664	-4	2664	-2,82835
2665	-3,80859	2665	-4	2665	-3,76346
2666	-3,80859	2666	-4	2666	-3,78409
2667	-3,79395	2667	-4	2667	-4,22714
2668	-3,76953	2668	-4	2668	-4,92771
2669	-3,7793	2669	-4	2669	-4,59639
2670	-3,81836	2670	-4	2670	-3,43701
2671	-3,78906	2671	-4	2671	-4,33338
2672	-3,78418	2672	-4	2672	-4,46437
2673	-3,79395	2673	-4	2673	-4,16336
2674	-3,82813	2674	-4	2674	-3,17082
2675	-3,77441	2675	-4	2675	-4,78991
2676	-3,75488	2676	-4	2676	-5,31802
2677	-3,76953	2677	-4	2677	-4,82763
2678	-3,81836	2678	-4	2678	-3,37805
2679	-3,80859	2679	-4	2679	-3,71691
2680	-3,77441	2680	-4	2680	-4,74041
2681	-3,84277	2681	-4	2681	-2,72047
2682	-3,81836	2682	-4	2682	-3,51515
2683	-3,74512	2683	-4	2683	-5,67584
2684	-3,76465	2684	-4	2684	-5,0143
2685	-3,75	2685	-4	2685	-5,39552
2686	-3,81836	2686	-4	2686	-3,34638
2687	-3,82324	2687	-4	2687	-3,26482
2688	-3,82324	2688	-4	2688	-3,32216
2689	-3,84277	2689	-4	2689	-2,80085
2690	-3,80371	2690	-4	2690	-4,00709
2691	-3,78906	2691	-4	2691	-4,42758
2692	-3,74023	2692	-4	2692	-5,81998
2693	-3,77441	2693	-4	2693	-4,72403
2694	-3,80371	2694	-4	2694	-3,84354
2695	-3,78418	2695	-4	2695	-4,43582
2696	-3,81836	2696	-4	2696	-3,42971
2697	-3,81836	2697	-4	2697	-3,47506
2698	-3,78418	2698	-4	2698	-4,50657
2699	-3,7793	2699	-4	2699	-4,62406
2700	-3,81348	2700	-4	2700	-3,6017
2701	-3,82813	2701	-4	2701	-3,20758
2702	-3,75977	2702	-4	2702	-5,24617
2703	-3,74023	2703	-4	2703	-5,74527
2704	-3,78906	2704	-4	2704	-4,23674
2705	-3,83789	2705	-4	2705	-2,82266
2706	-3,81836	2706	-4	2706	-3,47469
2707	-3,78418	2707	-4	2707	-4,50627
2708	-3,82324	2708	-4	2708	-3,34528
2709	-3,81348	2709	-4	2709	-3,67212
2710	-3,76953	2710	-4	2710	-4,9699
2711	-3,76465	2711	-4	2711	-5,05709
2712	-3,74512	2712	-4	2712	-5,57259
2713	-3,81348	2713	-4	2713	-3,50923
2714	-3,81836	2714	-4	2714	-3,41605
2715	-3,81836	2715	-4	2715	-3,46388
2716	-3,83789	2716	-4	2716	-2,93478
2717	-3,80859	2717	-4	2717	-3,85054
2718	-3,78418	2718	-4	2718	-4,56563
2719	-3,75977	2719	-4	2719	-5,24061
2720	-3,78418	2720	-4	2720	-4,4622
2721	-3,80371	2721	-4	2721	-3,87746
2722	-3,78906	2722	-4	2722	-4,32152
2723	-3,7793	2723	-4	2723	-4,59673
2724	-3,80371	2724	-4	2724	-3,86346
2725	-3,78906	2725	-4	2725	-4,31006
2726	-3,76465	2726	-4	2726	-5,01353
2727	-3,81348	2727	-4	2727	-3,54813
2728	-3,84277	2728	-4	2728	-2,73758
2729	-3,79395	2729	-4	2729	-4,23944
2730	-3,75488	2730	-4	2730	-5,36394
2731	-3,77441	2731	-4	2731	-4,72315
2732	-3,81348	2732	-4	2732	-3,5587
2733	-3,80859	2733	-4	2733	-3,74063
2734	-3,78418	2734	-4	2734	-4,4757
2735	-3,80859	2735	-4	2735	-3,74645
2736	-3,79883	2736	-4	2736	-4,05429
2737	-3,75977	2737	-4	2737	-5,19448
2738	-3,75	2738	-4	2738	-5,41886
2739	-3,74512	2739	-4	2739	-5,49635
2740	-3,82813	2740	-4	2740	-3,02068
2741	-3,82813	2741	-4	2741	-3,10444
2742	-3,81836	2742	-4	2742	-3,45708
2743	-3,82813	2743	-4	2743	-3,21333
2744	-3,80371	2744	-4	2744	-3,97235
2745	-3,79395	2745	-4	2745	-4,2571
2746	-3,75488	2746	-4	2746	-5,37839
2747	-3,80371	2747	-4	2747	-3,88261
2748	-3,79395	2748	-4	2748	-4,18368
2749	-3,75977	2749	-4	2749	-5,17626
2750	-3,7793	2750	-4	2750	-4,55161
2751	-3,80371	2751	-4	2751	-3,82654
2752	-3,78906	2752	-4	2752	-4,27986
2753	-3,78906	2753	-4	2753	-4,27852
2754	-3,81348	2754	-4	2754	-3,56714
2755	-3,81348	2755	-4	2755	-3,60548
2756	-3,77441	2756	-4	2756	-4,77332
2757	-3,75488	2757	-4	2757	-5,30445
2758	-3,76953	2758	-4	2758	-4,81653
2759	-3,83789	2759	-4	2759	-2,80073
2760	-3,80371	2760	-4	2760	-3,88292
2761	-3,80371	2761	-4	2761	-3,89981
2762	-3,78906	2762	-4	2762	-4,33981
2763	-3,79395	2763	-4	2763	-4,18552
2764	-3,78418	2764	-4	2764	-4,46747
2765	-3,76465	2765	-4	2765	-5,01824
2766	-3,80859	2766	-4	2766	-3,69404
2767	-3,81836	2767	-4	2767	-3,44318
2768	-3,76953	2768	-4	2768	-4,90666
2769	-3,78418	2769	-4	2769	-4,43712
2770	-3,70117	2770	-4	2770	-6,84017
2771	-3,78906	2771	-4	2771	-4,13995
2772	-3,83789	2772	-4	2772	-2,74347
2773	-3,81836	2773	-4	2773	-3,4099
2774	-3,85742	2774	-4	2774	-2,32238
2775	-3,79883	2775	-4	2775	-4,1299
2776	-3,72559	2776	-4	2776	-6,25075
2777	-3,76465	2777	-4	2777	-4,98837
2778	-3,79883	2778	-4	2778	-3,95372
2779	-3,83789	2779	-4	2779	-2,83926
2780	-3,79395	2780	-4	2780	-4,19856
2781	-3,78418	2781	-4	2781	-4,47814
2782	-3,79395	2782	-4	2782	-4,17462
2783	-3,77441	2783	-4	2783	-4,74268
2784	-3,78418	2784	-4	2784	-4,42702
2785	-3,79395	2785	-4	2785	-4,1328
2786	-3,85742	2786	-4	2786	-2,29346
2787	-3,80371	2787	-4	2787	-3,96419
2788	-3,78906	2788	-4	2788	-4,39248
2789	-3,75977	2789	-4	2789	-5,22302
2790	-3,77441	2790	-4	2790	-4,73192
2791	-3,78418	2791	-4	2791	-4,41823
2792	-3,76465	2792	-4	2792	-4,97795
2793	-3,86231	2793	-4	2793	-2,09844
2794	-3,82813	2794	-4	2794	-3,2184
2795	-3,75	2795	-4	2795	-5,53914
2796	-3,76953	2796	-4	2796	-4,88447
2797	-3,69629	2797	-4	2797	-6,97601
2798	-3,81348	2798	-4	2798	-3,41673
2799	-3,85254	2799	-4	2799	-2,34595
2800	-3,80859	2800	-4	2800	-3,741
2801	-3,87695	2801	-4	2801	-1,7769
2802	-3,80859	2802	-4	2802	-3,89579
2803	-3,74023	2803	-4	2803	-5,88117
2804	-3,7793	2804	-4	2804	-4,63205
2805	-3,79883	2805	-4	2805	-4,03441
2806	-3,80371	2806	-4	2806	-3,89968
2807	-3,78418	2807	-4	2807	-4,48176
2808	-3,78906	2808	-4	2808	-4,31964
2809	-3,79883	2809	-4	2809	-4,02696
2810	-3,76953	2810	-4	2810	-4,888
2811	-3,78418	2811	-4	2811	-4,42185
2812	-3,79883	2812	-4	2812	-3,98651
2813	-3,84766	2813	-4	2813	-2,58196
2814	-3,80859	2814	-4	2814	-3,81002
2815	-3,78906	2815	-4	2815	-4,39042
2816	-3,76465	2816	-4	2816	-5,07928
2817	-3,81836	2817	-4	2817	-3,45986
2818	-3,7793	2818	-4	2818	-4,6362
2819	-3,75488	2819	-4	2819	-5,31633
2820	-3,82813	2820	-4	2820	-3,12155
2821	-3,81348	2821	-4	2821	-3,61314
2822	-3,7793	2822	-4	2822	-4,63752
2823	-3,78906	2823	-4	2823	-4,32301
2824	-3,68164	2824	-4	2824	-7,43912
2825	-3,79883	2825	-4	2825	-3,84958
2826	-3,86231	2826	-4	2826	-2,04376
2827	-3,81348	2827	-4	2827	-3,59984
2828	-3,88184	2828	-4	2828	-1,64342
2829	-3,80859	2829	-4	2829	-3,91066
2830	-3,74512	2830	-4	2830	-5,75128
2831	-3,75488	2831	-4	2831	-5,36014
2832	-3,77441	2832	-4	2832	-4,72003
2833	-3,80859	2833	-4	2833	-3,69821
2834	-3,80371	2834	-4	2834	-3,87276
2835	-3,83789	2835	-4	2835	-2,89709
2836	-3,80859	2836	-4	2836	-3,8197
2837	-3,75488	2837	-4	2837	-5,39275
2838	-3,76465	2838	-4	2838	-5,03083
2839	-3,79395	2839	-4	2839	-4,13052
2840	-3,85254	2840	-4	2840	-2,43366
2841	-3,81348	2841	-4	2841	-3,6707
2842	-3,79883	2842	-4	2842	-4,11639
2843	-3,7793	2843	-4	2843	-4,67705
2844	-3,7793	2844	-4	2844	-4,63946
